time(s),temp(C),target_temp,ramp_time,hold_time,stage
0.006002902984619141,24.4,243.98753356933594,0.75,450,RAMP
0.13997101783752441,24.4,243.98753356933594,0.75,450,RAMP
0.31197643280029297,24.4,243.98753356933594,0.75,450,RAMP
0.4689674377441406,24.4,243.98753356933594,0.75,450,RAMP
0.6469712257385254,24.4,243.98753356933594,0.75,450,RAMP
0.7879676818847656,24.4,243.98753356933594,0.75,450,RAMP
0.9329674243927002,24.4,244.0,0.75,450,RAMP
1.1069724559783936,24.4,244.0,0.75,450,RAMP
1.2999675273895264,24.4,244.0,0.75,450,RAMP
1.4369676113128662,24.4,244.0,0.75,450,RAMP
1.5749704837799072,24.4,244.0,0.75,450,RAMP
1.703967571258545,24.4,244.0,0.75,450,RAMP
1.8300096988677979,24.4,244.0,0.75,450,RAMP
1.9549691677093506,24.4,244.0,0.75,450,RAMP
2.108003854751587,24.4,244.0,0.75,450,RAMP
2.2459733486175537,24.4,244.0,0.75,450,RAMP
2.369968891143799,24.4,244.0,0.75,450,RAMP
2.512970447540283,24.4,244.0,0.75,450,RAMP
2.6859679222106934,24.5,244.0,0.75,450,RAMP
2.823012590408325,24.5,244.0,0.75,450,RAMP
2.9639720916748047,24.5,244.0,0.75,450,RAMP
3.119968891143799,24.6,244.0,0.75,450,RAMP
3.2699687480926514,24.6,244.0,0.75,450,RAMP
3.4089694023132324,24.6,244.0,0.75,450,RAMP
3.546971321105957,24.7,244.0,0.75,450,RAMP
3.7219715118408203,24.7,244.0,0.75,450,RAMP
3.857973575592041,24.7,244.0,0.75,450,RAMP
4.017967700958252,24.7,244.0,0.75,450,RAMP
4.1919708251953125,24.7,244.0,0.75,450,RAMP
4.338970899581909,24.8,244.0,0.75,450,RAMP
4.482967853546143,24.8,244.0,0.75,450,RAMP
4.623971223831177,24.8,244.0,0.75,450,RAMP
4.754969358444214,24.9,244.0,0.75,450,RAMP
4.961971282958984,24.9,244.0,0.75,450,RAMP
5.088969469070435,25.0,244.0,0.75,450,RAMP
5.233999490737915,25.0,244.0,0.75,450,RAMP
5.373971700668335,25.0,244.0,0.75,450,RAMP
5.522976398468018,25.1,244.0,0.75,450,RAMP
5.712972402572632,25.1,244.0,0.75,450,RAMP
5.856971740722656,25.1,244.0,0.75,450,RAMP
6.000967502593994,25.1,244.0,0.75,450,RAMP
6.14197039604187,25.1,244.0,0.75,450,RAMP
6.272548675537109,25.1,244.0,0.75,450,RAMP
6.413542747497559,25.2,244.0,0.75,450,RAMP
6.5765440464019775,25.2,244.0,0.75,450,RAMP
6.703575372695923,25.3,244.0,0.75,450,RAMP
6.843577146530151,25.3,244.0,0.75,450,RAMP
7.032543420791626,25.3,244.0,0.75,450,RAMP
7.198575258255005,25.4,244.0,0.75,450,RAMP
7.321581602096558,25.4,244.0,0.75,450,RAMP
7.468581199645996,25.4,244.0,0.75,450,RAMP
7.6135523319244385,25.5,244.0,0.75,450,RAMP
7.743575572967529,25.5,244.0,0.75,450,RAMP
7.88657546043396,25.6,244.0,0.75,450,RAMP
8.029577493667603,25.6,244.0,0.75,450,RAMP
8.205547571182251,25.6,244.0,0.75,450,RAMP
8.328547716140747,25.7,244.0,0.75,450,RAMP
8.4725821018219,25.7,244.0,0.75,450,RAMP
8.627548217773438,25.7,244.0,0.75,450,RAMP
8.779578924179077,25.8,244.0,0.75,450,RAMP
8.935563564300537,25.8,244.0,0.75,450,RAMP
9.084542274475098,25.9,244.0,0.75,450,RAMP
9.22057557106018,25.9,244.0,0.75,450,RAMP
9.356582403182983,25.9,244.0,0.75,450,RAMP
9.49654769897461,26.0,244.0,0.75,450,RAMP
9.681575536727905,26.0,244.0,0.75,450,RAMP
9.82454538345337,26.0,244.0,0.75,450,RAMP
9.979549884796143,26.0,244.0,0.75,450,RAMP
10.171543836593628,26.0,244.0,0.75,450,RAMP
10.314574956893921,26.1,244.0,0.75,450,RAMP
10.458576679229736,26.1,244.0,0.75,450,RAMP
10.587575674057007,26.1,244.0,0.75,450,RAMP
10.72254490852356,26.1,244.0,0.75,450,RAMP
10.857576847076416,26.1,244.0,0.75,450,RAMP
10.985576391220093,26.1,244.0,0.75,450,RAMP
11.129544973373413,26.2,244.0,0.75,450,RAMP
11.272549152374268,26.2,244.0,0.75,450,RAMP
11.430583953857422,26.3,244.0,0.75,450,RAMP
11.625576734542847,26.3,244.0,0.75,450,RAMP
11.768574953079224,26.3,244.0,0.75,450,RAMP
11.91259479522705,26.4,244.0,0.75,450,RAMP
12.072580337524414,26.4,244.0,0.75,450,RAMP
12.200546264648438,26.4,244.0,0.75,450,RAMP
12.340580224990845,26.5,244.0,0.75,450,RAMP
12.470575332641602,26.5,244.0,0.75,450,RAMP
12.615575551986694,26.5,244.0,0.75,450,RAMP
12.806589365005493,26.6,244.0,0.75,450,RAMP
12.960545063018799,26.6,244.0,0.75,450,RAMP
13.137574434280396,26.7,244.0,0.75,450,RAMP
13.26654314994812,26.7,244.0,0.75,450,RAMP
13.39756155014038,26.7,244.0,0.75,450,RAMP
13.52854609489441,26.8,244.0,0.75,450,RAMP
13.669543504714966,26.8,244.0,0.75,450,RAMP
13.796552658081055,26.8,244.0,0.75,450,RAMP
13.958569765090942,26.9,244.0,0.75,450,RAMP
14.099574327468872,26.9,244.0,0.75,450,RAMP
14.263548612594604,27.0,244.0,0.75,450,RAMP
14.435574769973755,27.0,244.0,0.75,450,RAMP
14.581542491912842,27.0,244.0,0.75,450,RAMP
14.72254729270935,27.1,244.0,0.75,450,RAMP
14.841577053070068,27.1,244.0,0.75,450,RAMP
14.978578805923462,27.1,244.0,0.75,450,RAMP
15.118574380874634,27.2,244.0,0.75,450,RAMP
15.249574661254883,27.2,244.0,0.75,450,RAMP
15.375579118728638,27.2,244.0,0.75,450,RAMP
15.548576593399048,27.2,244.0,0.75,450,RAMP
15.729559659957886,27.2,244.0,0.75,450,RAMP
15.9075767993927,27.3,244.0,0.75,450,RAMP
16.05156946182251,27.3,244.0,0.75,450,RAMP
16.193545818328857,27.3,244.0,0.75,450,RAMP
16.31854248046875,27.4,244.0,0.75,450,RAMP
16.465542793273926,27.4,244.0,0.75,450,RAMP
16.594578504562378,27.4,244.0,0.75,450,RAMP
16.73757553100586,27.6,244.0,0.75,450,RAMP
16.877577304840088,27.6,244.0,0.75,450,RAMP
17.019570112228394,27.6,244.0,0.75,450,RAMP
17.21557593345642,27.7,244.0,0.75,450,RAMP
17.358546257019043,27.7,244.0,0.75,450,RAMP
17.505547523498535,27.8,244.0,0.75,450,RAMP
17.648543119430542,27.8,244.0,0.75,450,RAMP
17.791576385498047,27.8,244.0,0.75,450,RAMP
17.931543111801147,28.0,244.0,0.75,450,RAMP
18.05754518508911,28.0,244.0,0.75,450,RAMP
18.189577102661133,28.0,244.0,0.75,450,RAMP
18.313544988632202,28.1,244.0,0.75,450,RAMP
18.489548206329346,28.1,244.0,0.75,450,RAMP
18.67858338356018,28.2,244.0,0.75,450,RAMP
18.829551219940186,28.2,244.0,0.75,450,RAMP
18.963549375534058,28.2,244.0,0.75,450,RAMP
19.11854648590088,28.4,244.0,0.75,450,RAMP
19.266542673110962,28.4,244.0,0.75,450,RAMP
19.42154598236084,28.4,244.0,0.75,450,RAMP
19.582574129104614,28.5,244.0,0.75,450,RAMP
19.719574213027954,28.5,244.0,0.75,450,RAMP
19.912558794021606,28.7,244.0,0.75,450,RAMP
20.09254479408264,28.7,244.0,0.75,450,RAMP
20.220542192459106,28.7,244.0,0.75,450,RAMP
20.364574670791626,28.7,244.0,0.75,450,RAMP
20.506547212600708,28.7,244.0,0.75,450,RAMP
20.636576175689697,28.7,244.0,0.75,450,RAMP
20.77657675743103,28.8,244.0,0.75,450,RAMP
20.906585216522217,28.8,244.0,0.75,450,RAMP
21.025548696517944,28.8,244.0,0.75,450,RAMP
21.161548376083374,29.0,244.0,0.75,450,RAMP
21.32257580757141,29.0,244.0,0.75,450,RAMP
21.514574766159058,29.2,244.0,0.75,450,RAMP
21.641545295715332,29.2,244.0,0.75,450,RAMP
21.788577795028687,29.2,244.0,0.75,450,RAMP
21.929561376571655,29.4,244.0,0.75,450,RAMP
22.073545932769775,29.4,244.0,0.75,450,RAMP
22.23257541656494,29.4,244.0,0.75,450,RAMP
22.393545150756836,29.6,244.0,0.75,450,RAMP
22.536570072174072,29.6,244.0,0.75,450,RAMP
22.70754623413086,29.8,244.0,0.75,450,RAMP
22.886574268341064,29.8,244.0,0.75,450,RAMP
23.03354239463806,29.8,244.0,0.75,450,RAMP
23.19354510307312,29.9,244.0,0.75,450,RAMP
23.332546949386597,29.9,244.0,0.75,450,RAMP
23.46254873275757,29.9,244.0,0.75,450,RAMP
23.607573747634888,30.1,244.0,0.75,450,RAMP
23.751587629318237,30.1,244.0,0.75,450,RAMP
23.895578861236572,30.3,244.0,0.75,450,RAMP
24.06757426261902,30.3,244.0,0.75,450,RAMP
24.24557852745056,30.3,244.0,0.75,450,RAMP
24.37454605102539,30.5,244.0,0.75,450,RAMP
24.502579927444458,30.5,244.0,0.75,450,RAMP
24.64657473564148,30.5,244.0,0.75,450,RAMP
24.795547008514404,31.6,244.0,0.75,450,RAMP
24.928576946258545,31.6,244.0,0.75,450,RAMP
25.07854413986206,31.6,244.0,0.75,450,RAMP
25.232543468475342,31.6,244.0,0.75,450,RAMP
25.428552627563477,31.6,244.0,0.75,450,RAMP
25.572545766830444,32.0,244.0,0.75,450,RAMP
25.716546297073364,32.0,244.0,0.75,450,RAMP
25.860563039779663,32.0,244.0,0.75,450,RAMP
25.993548154830933,32.2,244.0,0.75,450,RAMP
26.131574869155884,32.2,244.0,0.75,450,RAMP
26.25458574295044,32.2,244.0,0.75,450,RAMP
26.38557457923889,32.5,244.0,0.75,450,RAMP
26.509572505950928,32.5,244.0,0.75,450,RAMP
26.642578125,32.5,244.0,0.75,450,RAMP
26.76657462120056,32.7,244.0,0.75,450,RAMP
26.945581674575806,32.7,244.0,0.75,450,RAMP
27.103574514389038,32.7,244.0,0.75,450,RAMP
27.235084533691406,32.7,244.0,0.75,450,RAMP
27.37708878517151,32.7,244.0,0.75,450,RAMP
27.512088775634766,32.8,244.0,0.75,450,RAMP
27.66608452796936,32.8,244.0,0.75,450,RAMP
27.801084756851196,32.8,244.0,0.75,450,RAMP
27.937119960784912,32.9,244.0,0.75,450,RAMP
28.078086376190186,32.9,244.0,0.75,450,RAMP
28.221084594726562,32.9,244.0,0.75,450,RAMP
28.379091262817383,33.0,244.0,0.75,450,RAMP
28.54311776161194,33.0,244.0,0.75,450,RAMP
28.673094034194946,33.0,244.0,0.75,450,RAMP
28.811119079589844,33.2,244.0,0.75,450,RAMP
28.94308590888977,33.2,244.0,0.75,450,RAMP
29.08808469772339,33.4,244.0,0.75,450,RAMP
29.230085372924805,33.4,244.0,0.75,450,RAMP
29.359086275100708,33.4,244.0,0.75,450,RAMP
29.501084566116333,34.4,244.0,0.75,450,RAMP
29.668086290359497,34.4,244.0,0.75,450,RAMP
29.825087070465088,34.4,244.0,0.75,450,RAMP
29.971084356307983,34.4,244.0,0.75,450,RAMP
30.12230396270752,34.4,244.0,0.75,450,RAMP
30.27129817008972,34.4,244.0,0.75,450,RAMP
30.4123113155365,34.9,244.0,0.75,450,RAMP
30.572304010391235,34.9,244.0,0.75,450,RAMP
30.701298713684082,35.1,244.0,0.75,450,RAMP
30.843299865722656,35.1,244.0,0.75,450,RAMP
31.032268285751343,35.1,244.0,0.75,450,RAMP
31.196681022644043,35.4,244.0,0.75,450,RAMP
31.356685161590576,35.4,244.0,0.75,450,RAMP
31.49670958518982,35.6,244.0,0.75,450,RAMP
31.644678354263306,35.6,244.0,0.75,450,RAMP
31.771677255630493,35.6,244.0,0.75,450,RAMP
31.932676553726196,35.6,244.0,0.75,450,RAMP
32.07567834854126,35.6,244.0,0.75,450,RAMP
32.21368384361267,35.6,244.0,0.75,450,RAMP
32.34267973899841,35.7,244.0,0.75,450,RAMP
32.52180480957031,35.7,244.0,0.75,450,RAMP
32.71281981468201,35.8,244.0,0.75,450,RAMP
32.863810539245605,35.8,244.0,0.75,450,RAMP
33.012813568115234,35.8,244.0,0.75,450,RAMP
33.156816482543945,36.0,244.0,0.75,450,RAMP
33.30678081512451,36.0,244.0,0.75,450,RAMP
33.44681215286255,36.0,244.0,0.75,450,RAMP
33.57778239250183,36.2,244.0,0.75,450,RAMP
33.72080993652344,36.2,244.0,0.75,450,RAMP
33.891780614852905,36.4,244.0,0.75,450,RAMP
34.072813510894775,36.4,244.0,0.75,450,RAMP
34.21480917930603,36.4,244.0,0.75,450,RAMP
34.34381031990051,37.5,244.0,0.75,450,RAMP
34.487810373306274,37.5,244.0,0.75,450,RAMP
34.61581087112427,37.5,244.0,0.75,450,RAMP
34.75979995727539,37.5,244.0,0.75,450,RAMP
34.904813289642334,37.5,244.0,0.75,450,RAMP
35.05277752876282,37.5,244.0,0.75,450,RAMP
35.185816049575806,38.0,244.0,0.75,450,RAMP
35.37881636619568,38.0,244.0,0.75,450,RAMP
35.557780504226685,38.2,244.0,0.75,450,RAMP
35.71281814575195,38.2,244.0,0.75,450,RAMP
35.855809926986694,38.2,244.0,0.75,450,RAMP
35.98981952667236,38.5,244.0,0.75,450,RAMP
36.117780923843384,38.5,244.0,0.75,450,RAMP
36.261812686920166,38.5,244.0,0.75,450,RAMP
36.40578103065491,38.8,244.0,0.75,450,RAMP
36.53280448913574,38.8,244.0,0.75,450,RAMP
36.65381097793579,38.8,244.0,0.75,450,RAMP
36.82178568840027,38.8,244.0,0.75,450,RAMP
37.02881574630737,38.8,244.0,0.75,450,RAMP
37.15081024169922,38.9,244.0,0.75,450,RAMP
37.284810066223145,38.9,244.0,0.75,450,RAMP
37.42881989479065,38.9,244.0,0.75,450,RAMP
37.57081055641174,39.0,244.0,0.75,450,RAMP
37.699814319610596,39.0,244.0,0.75,450,RAMP
37.8387815952301,39.0,244.0,0.75,450,RAMP
38.0188090801239,39.2,244.0,0.75,450,RAMP
38.14178514480591,39.2,244.0,0.75,450,RAMP
38.299809217453,39.3,244.0,0.75,450,RAMP
38.45377969741821,39.3,244.0,0.75,450,RAMP
38.64181590080261,39.3,244.0,0.75,450,RAMP
38.78580951690674,40.4,244.0,0.75,450,RAMP
38.92878341674805,40.4,244.0,0.75,450,RAMP
39.06580972671509,40.4,244.0,0.75,450,RAMP
39.19981241226196,40.7,244.0,0.75,450,RAMP
39.343812465667725,40.7,244.0,0.75,450,RAMP
39.472811222076416,40.7,244.0,0.75,450,RAMP
39.610812187194824,40.7,244.0,0.75,450,RAMP
39.7708101272583,40.7,244.0,0.75,450,RAMP
39.96981191635132,41.3,244.0,0.75,450,RAMP
40.11181569099426,41.3,244.0,0.75,450,RAMP
40.301809549331665,41.5,244.0,0.75,450,RAMP
40.44578456878662,41.5,244.0,0.75,450,RAMP
40.56981039047241,41.5,244.0,0.75,450,RAMP
40.702818393707275,41.9,244.0,0.75,450,RAMP
40.83078217506409,41.9,244.0,0.75,450,RAMP
40.96677756309509,41.9,244.0,0.75,450,RAMP
41.09578347206116,41.9,244.0,0.75,450,RAMP
41.2358124256134,41.9,244.0,0.75,450,RAMP
41.41780972480774,41.9,244.0,0.75,450,RAMP
41.562784910202026,41.9,244.0,0.75,450,RAMP
41.69178247451782,41.9,244.0,0.75,450,RAMP
41.836819887161255,41.9,244.0,0.75,450,RAMP
41.980780601501465,42.0,244.0,0.75,450,RAMP
42.10878396034241,42.0,244.0,0.75,450,RAMP
42.23581075668335,42.0,244.0,0.75,450,RAMP
42.38078236579895,42.1,244.0,0.75,450,RAMP
42.49780988693237,42.1,244.0,0.75,450,RAMP
42.68580985069275,42.3,244.0,0.75,450,RAMP
42.85881280899048,42.3,244.0,0.75,450,RAMP
43.01881170272827,42.3,244.0,0.75,450,RAMP
43.160823345184326,42.5,244.0,0.75,450,RAMP
43.30678105354309,42.5,244.0,0.75,450,RAMP
43.42978286743164,42.5,244.0,0.75,450,RAMP
43.56278347969055,43.5,244.0,0.75,450,RAMP
43.70281100273132,43.5,244.0,0.75,450,RAMP
43.85581159591675,43.5,244.0,0.75,450,RAMP
43.98981475830078,43.7,244.0,0.75,450,RAMP
44.169809103012085,43.7,244.0,0.75,450,RAMP
44.32381081581116,43.7,244.0,0.75,450,RAMP
44.52178359031677,43.7,244.0,0.75,450,RAMP
44.66481685638428,43.7,244.0,0.75,450,RAMP
44.80981516838074,44.3,244.0,0.75,450,RAMP
44.95281171798706,44.3,244.0,0.75,450,RAMP
45.077818393707275,44.3,244.0,0.75,450,RAMP
45.20181179046631,44.6,244.0,0.75,450,RAMP
45.33480930328369,44.6,244.0,0.75,450,RAMP
45.474812746047974,44.8,244.0,0.75,450,RAMP
45.63580894470215,44.8,244.0,0.75,450,RAMP
45.82581067085266,44.8,244.0,0.75,450,RAMP
46.03578329086304,44.8,244.0,0.75,450,RAMP
46.166810512542725,44.8,244.0,0.75,450,RAMP
46.28581118583679,44.8,244.0,0.75,450,RAMP
46.421812295913696,44.9,244.0,0.75,450,RAMP
46.54681324958801,44.9,244.0,0.75,450,RAMP
46.709805488586426,45.0,244.0,0.75,450,RAMP
46.8528106212616,45.0,244.0,0.75,450,RAMP
46.99178099632263,45.0,244.0,0.75,450,RAMP
47.154826641082764,45.2,244.0,0.75,450,RAMP
47.34381079673767,45.2,244.0,0.75,450,RAMP
47.52578020095825,45.4,244.0,0.75,450,RAMP
47.66680955886841,45.4,244.0,0.75,450,RAMP
47.81480956077576,45.4,244.0,0.75,450,RAMP
47.956817626953125,45.5,244.0,0.75,450,RAMP
48.116809368133545,45.5,244.0,0.75,450,RAMP
48.259780168533325,45.5,244.0,0.75,450,RAMP
48.39678478240967,46.6,244.0,0.75,450,RAMP
48.589847564697266,46.6,244.0,0.75,450,RAMP
48.79178023338318,46.8,244.0,0.75,450,RAMP
48.929829835891724,46.8,244.0,0.75,450,RAMP
49.06881022453308,46.8,244.0,0.75,450,RAMP
49.217809438705444,46.8,244.0,0.75,450,RAMP
49.360780477523804,46.8,244.0,0.75,450,RAMP
49.488786458969116,46.8,244.0,0.75,450,RAMP
49.618810415267944,47.4,244.0,0.75,450,RAMP
49.74281048774719,47.4,244.0,0.75,450,RAMP
49.87281799316406,47.4,244.0,0.75,450,RAMP
49.99582314491272,47.6,244.0,0.75,450,RAMP
50.16078209877014,47.6,244.0,0.75,450,RAMP
50.33878540992737,47.8,244.0,0.75,450,RAMP
50.47981524467468,47.8,244.0,0.75,450,RAMP
50.622819900512695,47.8,244.0,0.75,450,RAMP
50.76781105995178,47.8,244.0,0.75,450,RAMP
50.91981101036072,47.8,244.0,0.75,450,RAMP
51.05581283569336,47.8,244.0,0.75,450,RAMP
51.19980978965759,47.9,244.0,0.75,450,RAMP
51.324779987335205,47.9,244.0,0.75,450,RAMP
51.45381164550781,47.9,244.0,0.75,450,RAMP
51.62878227233887,48.0,244.0,0.75,450,RAMP
51.817808866500854,48.0,244.0,0.75,450,RAMP
51.964810371398926,48.2,244.0,0.75,450,RAMP
52.12077975273132,48.2,244.0,0.75,450,RAMP
52.248812437057495,48.2,244.0,0.75,450,RAMP
52.38180947303772,48.3,244.0,0.75,450,RAMP
52.51581001281738,48.3,244.0,0.75,450,RAMP
52.66780972480774,48.3,244.0,0.75,450,RAMP
52.810779333114624,48.5,244.0,0.75,450,RAMP
52.935805797576904,48.5,244.0,0.75,450,RAMP
53.111812353134155,48.7,244.0,0.75,450,RAMP
53.271785259246826,48.7,244.0,0.75,450,RAMP
53.39980959892273,48.7,244.0,0.75,450,RAMP
53.54881024360657,49.8,244.0,0.75,450,RAMP
53.69181180000305,49.8,244.0,0.75,450,RAMP
53.82681131362915,49.8,244.0,0.75,450,RAMP
53.964810371398926,49.8,244.0,0.75,450,RAMP
54.10678052902222,49.8,244.0,0.75,450,RAMP
54.25678253173828,49.8,244.0,0.75,450,RAMP
54.41081380844116,50.2,244.0,0.75,450,RAMP
54.581809520721436,50.2,244.0,0.75,450,RAMP
54.77680993080139,50.5,244.0,0.75,450,RAMP
54.939823627471924,50.5,244.0,0.75,450,RAMP
55.08181023597717,50.5,244.0,0.75,450,RAMP
55.231815814971924,50.7,244.0,0.75,450,RAMP
55.36680507659912,50.7,244.0,0.75,450,RAMP
55.49680995941162,50.9,244.0,0.75,450,RAMP
55.637779712677,50.9,244.0,0.75,450,RAMP
55.76881122589111,50.9,244.0,0.75,450,RAMP
55.92778038978577,50.9,244.0,0.75,450,RAMP
56.102811098098755,50.9,244.0,0.75,450,RAMP
56.29680514335632,51.0,244.0,0.75,450,RAMP
56.45678210258484,51.0,244.0,0.75,450,RAMP
56.59978151321411,51.0,244.0,0.75,450,RAMP
56.73878192901611,51.1,244.0,0.75,450,RAMP
56.86981534957886,51.1,244.0,0.75,450,RAMP
56.995787143707275,51.1,244.0,0.75,450,RAMP
57.19078326225281,51.2,244.0,0.75,450,RAMP
57.31481122970581,51.2,244.0,0.75,450,RAMP
57.49378275871277,51.4,244.0,0.75,450,RAMP
57.68580889701843,51.4,244.0,0.75,450,RAMP
57.85781145095825,51.4,244.0,0.75,450,RAMP
57.98982000350952,51.5,244.0,0.75,450,RAMP
58.131810426712036,51.5,244.0,0.75,450,RAMP
58.29278254508972,51.5,244.0,0.75,450,RAMP
58.41880989074707,51.7,244.0,0.75,450,RAMP
58.56378507614136,51.7,244.0,0.75,450,RAMP
58.70378279685974,51.7,244.0,0.75,450,RAMP
58.89377975463867,51.7,244.0,0.75,450,RAMP
59.06181240081787,51.7,244.0,0.75,450,RAMP
59.202810287475586,53.0,244.0,0.75,450,RAMP
59.35878038406372,53.0,244.0,0.75,450,RAMP
59.49178218841553,53.2,244.0,0.75,450,RAMP
59.63581085205078,53.2,244.0,0.75,450,RAMP
59.79481101036072,53.2,244.0,0.75,450,RAMP
59.937812089920044,53.4,244.0,0.75,450,RAMP
60.07881212234497,53.4,244.0,0.75,450,RAMP
60.24078440666199,53.4,244.0,0.75,450,RAMP
60.40180945396423,53.6,244.0,0.75,450,RAMP
60.568811655044556,53.6,244.0,0.75,450,RAMP
60.70578408241272,53.8,244.0,0.75,450,RAMP
60.83280968666077,53.8,244.0,0.75,450,RAMP
60.97580862045288,53.8,244.0,0.75,450,RAMP
61.10481071472168,53.8,244.0,0.75,450,RAMP
61.253809690475464,53.8,244.0,0.75,450,RAMP
61.39281105995178,53.8,244.0,0.75,450,RAMP
61.5188045501709,53.9,244.0,0.75,450,RAMP
61.71480965614319,53.9,244.0,0.75,450,RAMP
61.91581892967224,54.0,244.0,0.75,450,RAMP
62.04781222343445,54.0,244.0,0.75,450,RAMP
62.2077853679657,54.0,244.0,0.75,450,RAMP
62.35080909729004,54.1,244.0,0.75,450,RAMP
62.47278356552124,54.1,244.0,0.75,450,RAMP
62.606783628463745,54.1,244.0,0.75,450,RAMP
62.73480939865112,54.2,244.0,0.75,450,RAMP
62.86380958557129,54.2,244.0,0.75,450,RAMP
63.00181293487549,54.2,244.0,0.75,450,RAMP
63.21181344985962,54.4,244.0,0.75,450,RAMP
63.38481140136719,54.4,244.0,0.75,450,RAMP
63.51277995109558,54.4,244.0,0.75,450,RAMP
63.64581322669983,54.4,244.0,0.75,450,RAMP
63.78781080245972,54.4,244.0,0.75,450,RAMP
63.914809703826904,55.5,244.0,0.75,450,RAMP
64.04280614852905,55.5,244.0,0.75,450,RAMP
64.1698100566864,55.5,244.0,0.75,450,RAMP
64.316810131073,55.8,244.0,0.75,450,RAMP
64.5068461894989,55.8,244.0,0.75,450,RAMP
64.6698043346405,56.0,244.0,0.75,450,RAMP
64.85978031158447,56.0,244.0,0.75,450,RAMP
65.00180959701538,56.0,244.0,0.75,450,RAMP
65.13078165054321,56.2,244.0,0.75,450,RAMP
65.28181076049805,56.2,244.0,0.75,450,RAMP
65.41881012916565,56.2,244.0,0.75,450,RAMP
65.55682134628296,56.5,244.0,0.75,450,RAMP
65.68480944633484,56.5,244.0,0.75,450,RAMP
65.81878161430359,56.5,244.0,0.75,450,RAMP
65.94378185272217,56.5,244.0,0.75,450,RAMP
66.10783290863037,56.5,244.0,0.75,450,RAMP
66.29681158065796,56.6,244.0,0.75,450,RAMP
66.44078779220581,56.6,244.0,0.75,450,RAMP
66.56978034973145,56.6,244.0,0.75,450,RAMP
66.71181154251099,56.7,244.0,0.75,450,RAMP
66.84082531929016,56.7,244.0,0.75,450,RAMP
66.9637861251831,56.7,244.0,0.75,450,RAMP
67.11878323554993,56.8,244.0,0.75,450,RAMP
67.25681257247925,56.8,244.0,0.75,450,RAMP
67.37881326675415,56.8,244.0,0.75,450,RAMP
67.53982925415039,56.9,244.0,0.75,450,RAMP
67.71881008148193,56.9,244.0,0.75,450,RAMP
67.86281490325928,56.9,244.0,0.75,450,RAMP
68.00683736801147,57.1,244.0,0.75,450,RAMP
68.1358094215393,57.1,244.0,0.75,450,RAMP
68.27881050109863,57.1,244.0,0.75,450,RAMP
68.40578317642212,57.1,244.0,0.75,450,RAMP
68.54881024360657,57.1,244.0,0.75,450,RAMP
68.6968162059784,58.3,244.0,0.75,450,RAMP
68.86481404304504,58.3,244.0,0.75,450,RAMP
68.9988100528717,58.3,244.0,0.75,450,RAMP
69.15878129005432,58.5,244.0,0.75,450,RAMP
69.29981112480164,58.5,244.0,0.75,450,RAMP
69.43480944633484,58.5,244.0,0.75,450,RAMP
69.58982253074646,58.7,244.0,0.75,450,RAMP
69.73378109931946,58.7,244.0,0.75,450,RAMP
69.87581205368042,58.7,244.0,0.75,450,RAMP
70.01978015899658,59.0,244.0,0.75,450,RAMP
70.15781331062317,59.0,244.0,0.75,450,RAMP
70.33580946922302,59.2,244.0,0.75,450,RAMP
70.51281714439392,59.2,244.0,0.75,450,RAMP
70.64181184768677,59.2,244.0,0.75,450,RAMP
70.78781080245972,59.2,244.0,0.75,450,RAMP
70.9548110961914,59.2,244.0,0.75,450,RAMP
71.1017792224884,59.3,244.0,0.75,450,RAMP
71.24880933761597,59.3,244.0,0.75,450,RAMP
71.3927834033966,59.3,244.0,0.75,450,RAMP
71.56880927085876,59.4,244.0,0.75,450,RAMP
71.69578433036804,59.4,244.0,0.75,450,RAMP
71.87378334999084,59.4,244.0,0.75,450,RAMP
72.03580975532532,59.5,244.0,0.75,450,RAMP
72.17778158187866,59.5,244.0,0.75,450,RAMP
72.32081532478333,59.7,244.0,0.75,450,RAMP
72.44581532478333,59.7,244.0,0.75,450,RAMP
72.57481169700623,59.7,244.0,0.75,450,RAMP
72.6998131275177,59.7,244.0,0.75,450,RAMP
72.84780931472778,59.9,244.0,0.75,450,RAMP
72.9917848110199,59.9,244.0,0.75,450,RAMP
73.16680955886841,59.9,244.0,0.75,450,RAMP
73.35580921173096,59.9,244.0,0.75,450,RAMP
73.51881051063538,61.1,244.0,0.75,450,RAMP
73.64681816101074,61.1,244.0,0.75,450,RAMP
73.79179430007935,61.1,244.0,0.75,450,RAMP
73.94582533836365,61.3,244.0,0.75,450,RAMP
74.07678365707397,61.3,244.0,0.75,450,RAMP
74.22080969810486,61.3,244.0,0.75,450,RAMP
74.3597800731659,61.6,244.0,0.75,450,RAMP
74.53878116607666,61.6,244.0,0.75,450,RAMP
74.69578862190247,61.9,244.0,0.75,450,RAMP
74.84177994728088,61.9,244.0,0.75,450,RAMP
74.97279071807861,61.9,244.0,0.75,450,RAMP
75.09681487083435,61.9,244.0,0.75,450,RAMP
75.22678184509277,62.0,244.0,0.75,450,RAMP
75.36880922317505,62.0,244.0,0.75,450,RAMP
75.49880957603455,62.0,244.0,0.75,450,RAMP
75.63981795310974,62.0,244.0,0.75,450,RAMP
75.77178478240967,62.0,244.0,0.75,450,RAMP
75.91281342506409,62.1,244.0,0.75,450,RAMP
76.0857982635498,62.1,244.0,0.75,450,RAMP
76.26780986785889,62.1,244.0,0.75,450,RAMP
76.4118185043335,62.2,244.0,0.75,450,RAMP
76.57178092002869,62.2,244.0,0.75,450,RAMP
76.71378350257874,62.4,244.0,0.75,450,RAMP
76.85781168937683,62.4,244.0,0.75,450,RAMP
77.00281047821045,62.4,244.0,0.75,450,RAMP
77.1458191871643,62.5,244.0,0.75,450,RAMP
77.28381037712097,62.5,244.0,0.75,450,RAMP
77.42879152297974,62.5,244.0,0.75,450,RAMP
77.57781195640564,62.7,244.0,0.75,450,RAMP
77.73777985572815,62.7,244.0,0.75,450,RAMP
77.88180994987488,62.7,244.0,0.75,450,RAMP
78.02979326248169,62.7,244.0,0.75,450,RAMP
78.16481041908264,62.7,244.0,0.75,450,RAMP
78.29581308364868,64.0,244.0,0.75,450,RAMP
78.4478108882904,64.0,244.0,0.75,450,RAMP
78.57978343963623,64.0,244.0,0.75,450,RAMP
78.75682020187378,64.3,244.0,0.75,450,RAMP
78.89880514144897,64.3,244.0,0.75,450,RAMP
79.03581166267395,64.3,244.0,0.75,450,RAMP
79.17481255531311,64.5,244.0,0.75,450,RAMP
79.29877948760986,64.5,244.0,0.75,450,RAMP
79.44381260871887,64.5,244.0,0.75,450,RAMP
79.5728178024292,64.8,244.0,0.75,450,RAMP
79.70181012153625,64.8,244.0,0.75,450,RAMP
79.8587806224823,64.8,244.0,0.75,450,RAMP
80.00180912017822,65.0,244.0,0.75,450,RAMP
80.1657817363739,65.0,244.0,0.75,450,RAMP
80.33580374717712,65.0,244.0,0.75,450,RAMP
80.49780941009521,65.0,244.0,0.75,450,RAMP
80.63878440856934,65.0,244.0,0.75,450,RAMP
80.77279162406921,65.1,244.0,0.75,450,RAMP
80.90981125831604,65.1,244.0,0.75,450,RAMP
81.05381178855896,65.1,244.0,0.75,450,RAMP
81.18878149986267,65.2,244.0,0.75,450,RAMP
81.33181095123291,65.2,244.0,0.75,450,RAMP
81.49178290367126,65.2,244.0,0.75,450,RAMP
81.64778137207031,65.3,244.0,0.75,450,RAMP
81.82181310653687,65.3,244.0,0.75,450,RAMP
82.01977944374084,65.5,244.0,0.75,450,RAMP
82.16281366348267,65.5,244.0,0.75,450,RAMP
82.31250333786011,65.7,244.0,0.75,450,RAMP
82.44650387763977,65.7,244.0,0.75,450,RAMP
82.57650232315063,65.7,244.0,0.75,450,RAMP
82.70550346374512,65.7,244.0,0.75,450,RAMP
82.83350086212158,65.7,244.0,0.75,450,RAMP
82.97250199317932,65.7,244.0,0.75,450,RAMP
83.10250067710876,67.0,244.0,0.75,450,RAMP
83.26250338554382,67.0,244.0,0.75,450,RAMP
83.40850567817688,67.0,244.0,0.75,450,RAMP
83.54753971099854,67.3,244.0,0.75,450,RAMP
83.68050169944763,67.3,244.0,0.75,450,RAMP
83.82150197029114,67.3,244.0,0.75,450,RAMP
83.96350765228271,67.5,244.0,0.75,450,RAMP
84.10950422286987,67.5,244.0,0.75,450,RAMP
84.23550057411194,67.5,244.0,0.75,450,RAMP
84.43050527572632,67.8,244.0,0.75,450,RAMP
84.57150077819824,67.8,244.0,0.75,450,RAMP
84.76750254631042,68.0,244.0,0.75,450,RAMP
84.91150498390198,68.0,244.0,0.75,450,RAMP
85.06150341033936,68.0,244.0,0.75,450,RAMP
85.21250534057617,68.0,244.0,0.75,450,RAMP
85.34150290489197,68.0,244.0,0.75,450,RAMP
85.48650074005127,68.0,244.0,0.75,450,RAMP
85.62950706481934,68.1,244.0,0.75,450,RAMP
85.77050471305847,68.1,244.0,0.75,450,RAMP
85.92650270462036,68.2,244.0,0.75,450,RAMP
86.10850310325623,68.2,244.0,0.75,450,RAMP
86.25350260734558,68.2,244.0,0.75,450,RAMP
86.39253568649292,68.4,244.0,0.75,450,RAMP
86.52450203895569,68.4,244.0,0.75,450,RAMP
86.66650176048279,68.4,244.0,0.75,450,RAMP
86.79550433158875,68.5,244.0,0.75,450,RAMP
86.9245035648346,68.5,244.0,0.75,450,RAMP
87.06950521469116,68.7,244.0,0.75,450,RAMP
87.24050712585449,68.7,244.0,0.75,450,RAMP
87.40050148963928,68.7,244.0,0.75,450,RAMP
87.52952027320862,68.7,244.0,0.75,450,RAMP
87.65850472450256,68.7,244.0,0.75,450,RAMP
87.81950116157532,68.7,244.0,0.75,450,RAMP
87.9625039100647,70.0,244.0,0.75,450,RAMP
88.10550451278687,70.0,244.0,0.75,450,RAMP
88.25050091743469,70.0,244.0,0.75,450,RAMP
88.38850116729736,70.3,244.0,0.75,450,RAMP
88.55250263214111,70.3,244.0,0.75,450,RAMP
88.75850534439087,70.5,244.0,0.75,450,RAMP
88.9325008392334,70.5,244.0,0.75,450,RAMP
89.06350517272949,70.5,244.0,0.75,450,RAMP
89.20850396156311,70.7,244.0,0.75,450,RAMP
89.33650255203247,70.7,244.0,0.75,450,RAMP
89.46250462532043,70.7,244.0,0.75,450,RAMP
89.60850286483765,71.0,244.0,0.75,450,RAMP
89.7525007724762,71.0,244.0,0.75,450,RAMP
89.895503282547,71.0,244.0,0.75,450,RAMP
90.03750157356262,71.0,244.0,0.75,450,RAMP
90.2095034122467,71.0,244.0,0.75,450,RAMP
90.40650701522827,71.1,244.0,0.75,450,RAMP
90.5505006313324,71.1,244.0,0.75,450,RAMP
90.69250249862671,71.1,244.0,0.75,450,RAMP
90.82053446769714,71.2,244.0,0.75,450,RAMP
90.94950127601624,71.2,244.0,0.75,450,RAMP
91.09051871299744,71.2,244.0,0.75,450,RAMP
91.23753356933594,71.3,244.0,0.75,450,RAMP
91.39250373840332,71.3,244.0,0.75,450,RAMP
91.56350684165955,71.5,244.0,0.75,450,RAMP
91.71650290489197,71.5,244.0,0.75,450,RAMP
91.86153793334961,71.5,244.0,0.75,450,RAMP
92.00250053405762,71.7,244.0,0.75,450,RAMP
92.1325011253357,71.7,244.0,0.75,450,RAMP
92.27550315856934,71.7,244.0,0.75,450,RAMP
92.41950106620789,71.7,244.0,0.75,450,RAMP
92.54750156402588,71.7,244.0,0.75,450,RAMP
92.6755039691925,71.7,244.0,0.75,450,RAMP
92.81950092315674,72.9,244.0,0.75,450,RAMP
92.99350333213806,72.9,244.0,0.75,450,RAMP
93.17150139808655,73.2,244.0,0.75,450,RAMP
93.3465039730072,73.2,244.0,0.75,450,RAMP
93.48950529098511,73.4,244.0,0.75,450,RAMP
93.64950060844421,73.4,244.0,0.75,450,RAMP
93.79353380203247,73.4,244.0,0.75,450,RAMP
93.93850207328796,73.7,244.0,0.75,450,RAMP
94.08150124549866,73.7,244.0,0.75,450,RAMP
94.20450043678284,73.7,244.0,0.75,450,RAMP
94.34850144386292,73.9,244.0,0.75,450,RAMP
94.54350280761719,73.9,244.0,0.75,450,RAMP
94.70350050926208,73.9,244.0,0.75,450,RAMP
94.8315019607544,73.9,244.0,0.75,450,RAMP
94.975501537323,73.9,244.0,0.75,450,RAMP
95.11650085449219,74.0,244.0,0.75,450,RAMP
95.24650526046753,74.0,244.0,0.75,450,RAMP
95.39151191711426,74.0,244.0,0.75,450,RAMP
95.54953265190125,74.1,244.0,0.75,450,RAMP
95.69050431251526,74.1,244.0,0.75,450,RAMP
95.89850306510925,74.3,244.0,0.75,450,RAMP
96.079505443573,74.3,244.0,0.75,450,RAMP
96.23750066757202,74.3,244.0,0.75,450,RAMP
96.36650061607361,74.4,244.0,0.75,450,RAMP
96.510502576828,74.4,244.0,0.75,450,RAMP
96.65452933311462,74.4,244.0,0.75,450,RAMP
96.79651618003845,74.6,244.0,0.75,450,RAMP
96.92450428009033,74.6,244.0,0.75,450,RAMP
97.06251001358032,74.6,244.0,0.75,450,RAMP
97.24450254440308,74.6,244.0,0.75,450,RAMP
97.42050123214722,74.6,244.0,0.75,450,RAMP
97.56153512001038,75.8,244.0,0.75,450,RAMP
97.70750379562378,75.8,244.0,0.75,450,RAMP
97.84650325775146,75.8,244.0,0.75,450,RAMP
97.99652647972107,76.1,244.0,0.75,450,RAMP
98.15550947189331,76.1,244.0,0.75,450,RAMP
98.29850053787231,76.4,244.0,0.75,450,RAMP
98.43850183486938,76.4,244.0,0.75,450,RAMP
98.5975034236908,76.4,244.0,0.75,450,RAMP
98.7735059261322,76.6,244.0,0.75,450,RAMP
98.93850183486938,76.6,244.0,0.75,450,RAMP
99.08150315284729,76.6,244.0,0.75,450,RAMP
99.23150372505188,76.9,244.0,0.75,450,RAMP
99.36953449249268,76.9,244.0,0.75,450,RAMP
99.513503074646,76.9,244.0,0.75,450,RAMP
99.65350151062012,76.9,244.0,0.75,450,RAMP
99.80050158500671,76.9,244.0,0.75,450,RAMP
99.94150304794312,77.0,244.0,0.75,450,RAMP
100.11750268936157,77.0,244.0,0.75,450,RAMP
100.29051232337952,77.1,244.0,0.75,450,RAMP
100.45450115203857,77.1,244.0,0.75,450,RAMP
100.58350086212158,77.1,244.0,0.75,450,RAMP
100.71053385734558,77.2,244.0,0.75,450,RAMP
100.85250091552734,77.2,244.0,0.75,450,RAMP
100.98350071907043,77.2,244.0,0.75,450,RAMP
101.1325011253357,77.4,244.0,0.75,450,RAMP
101.28552794456482,77.4,244.0,0.75,450,RAMP
101.41150259971619,77.4,244.0,0.75,450,RAMP
101.57050085067749,77.6,244.0,0.75,450,RAMP
101.71650266647339,77.6,244.0,0.75,450,RAMP
101.89450478553772,77.6,244.0,0.75,450,RAMP
102.05350065231323,77.6,244.0,0.75,450,RAMP
102.18050718307495,77.6,244.0,0.75,450,RAMP
102.32552909851074,78.9,244.0,0.75,450,RAMP
102.44850063323975,78.9,244.0,0.75,450,RAMP
102.59650111198425,78.9,244.0,0.75,450,RAMP
102.75654673576355,79.2,244.0,0.75,450,RAMP
102.92750287055969,79.2,244.0,0.75,450,RAMP
103.10250091552734,79.4,244.0,0.75,450,RAMP
103.2685329914093,79.4,244.0,0.75,450,RAMP
103.41150307655334,79.4,244.0,0.75,450,RAMP
103.54550290107727,79.6,244.0,0.75,450,RAMP
103.68350052833557,79.6,244.0,0.75,450,RAMP
103.82650208473206,79.6,244.0,0.75,450,RAMP
103.95750689506531,79.8,244.0,0.75,450,RAMP
104.09850096702576,79.8,244.0,0.75,450,RAMP
104.24850249290466,79.8,244.0,0.75,450,RAMP
104.39051747322083,79.8,244.0,0.75,450,RAMP
104.5235104560852,79.8,244.0,0.75,450,RAMP
104.70550274848938,79.9,244.0,0.75,450,RAMP
104.85950374603271,79.9,244.0,0.75,450,RAMP
105.0095317363739,79.9,244.0,0.75,450,RAMP
105.13350081443787,80.0,244.0,0.75,450,RAMP
105.28050327301025,80.0,244.0,0.75,450,RAMP
105.40750885009766,80.0,244.0,0.75,450,RAMP
105.53553700447083,80.2,244.0,0.75,450,RAMP
105.66251182556152,80.2,244.0,0.75,450,RAMP
105.836501121521,80.2,244.0,0.75,450,RAMP
105.98850083351135,80.3,244.0,0.75,450,RAMP
106.14350271224976,80.3,244.0,0.75,450,RAMP
106.30450105667114,80.3,244.0,0.75,450,RAMP
106.45553493499756,80.5,244.0,0.75,450,RAMP
106.59753942489624,80.5,244.0,0.75,450,RAMP
106.73550081253052,80.5,244.0,0.75,450,RAMP
106.87853693962097,80.5,244.0,0.75,450,RAMP
107.02253413200378,80.5,244.0,0.75,450,RAMP
107.15966653823853,81.6,244.0,0.75,450,RAMP
107.30463671684265,81.6,244.0,0.75,450,RAMP
107.42863845825195,81.6,244.0,0.75,450,RAMP
107.61366605758667,81.8,244.0,0.75,450,RAMP
107.73167371749878,81.8,244.0,0.75,450,RAMP
107.91666793823242,82.0,244.0,0.75,450,RAMP
108.06566834449768,82.0,244.0,0.75,450,RAMP
108.201664686203,82.0,244.0,0.75,450,RAMP
108.33268165588379,82.3,244.0,0.75,450,RAMP
108.48166632652283,82.3,244.0,0.75,450,RAMP
108.61966490745544,82.3,244.0,0.75,450,RAMP
108.75963830947876,82.6,244.0,0.75,450,RAMP
108.94966578483582,82.6,244.0,0.75,450,RAMP
109.1166684627533,82.6,244.0,0.75,450,RAMP
109.30274844169617,82.6,244.0,0.75,450,RAMP
109.43174982070923,82.6,244.0,0.75,450,RAMP
109.56975317001343,82.7,244.0,0.75,450,RAMP
109.72275519371033,82.7,244.0,0.75,450,RAMP
109.87674403190613,82.7,244.0,0.75,450,RAMP
110.00874590873718,82.8,244.0,0.75,450,RAMP
110.13871693611145,82.8,244.0,0.75,450,RAMP
110.27475070953369,82.9,244.0,0.75,450,RAMP
110.45574855804443,82.9,244.0,0.75,450,RAMP
110.61572194099426,82.9,244.0,0.75,450,RAMP
110.77572178840637,83.1,244.0,0.75,450,RAMP
110.91771864891052,83.1,244.0,0.75,450,RAMP
111.04874515533447,83.1,244.0,0.75,450,RAMP
111.19174981117249,83.2,244.0,0.75,450,RAMP
111.31674766540527,83.2,244.0,0.75,450,RAMP
111.44774866104126,83.2,244.0,0.75,450,RAMP
111.57572078704834,83.2,244.0,0.75,450,RAMP
111.72572159767151,83.2,244.0,0.75,450,RAMP
111.92275023460388,84.4,244.0,0.75,450,RAMP
112.1337480545044,84.4,244.0,0.75,450,RAMP
112.32672166824341,84.6,244.0,0.75,450,RAMP
112.47071766853333,84.6,244.0,0.75,450,RAMP
112.607745885849,84.6,244.0,0.75,450,RAMP
112.74074935913086,84.8,244.0,0.75,450,RAMP
112.8707172870636,84.8,244.0,0.75,450,RAMP
113.01374697685242,84.8,244.0,0.75,450,RAMP
113.1517481803894,85.1,244.0,0.75,450,RAMP
113.2997477054596,85.1,244.0,0.75,450,RAMP
113.47171783447266,85.3,244.0,0.75,450,RAMP
113.6517539024353,85.3,244.0,0.75,450,RAMP
113.7957272529602,85.3,244.0,0.75,450,RAMP
113.93975949287415,85.3,244.0,0.75,450,RAMP
114.06274461746216,85.3,244.0,0.75,450,RAMP
114.20471787452698,85.3,244.0,0.75,450,RAMP
114.33975458145142,85.4,244.0,0.75,450,RAMP
114.46173453330994,85.4,244.0,0.75,450,RAMP
114.60975074768066,85.4,244.0,0.75,450,RAMP
114.76974821090698,85.5,244.0,0.75,450,RAMP
114.90477633476257,85.5,244.0,0.75,450,RAMP
115.04375076293945,85.6,244.0,0.75,450,RAMP
115.24978637695312,85.6,244.0,0.75,450,RAMP
115.39377188682556,85.6,244.0,0.75,450,RAMP
115.53875374794006,85.8,244.0,0.75,450,RAMP
115.68178725242615,85.8,244.0,0.75,450,RAMP
115.82575154304504,85.8,244.0,0.75,450,RAMP
115.96375226974487,85.9,244.0,0.75,450,RAMP
116.1017518043518,85.9,244.0,0.75,450,RAMP
116.23979568481445,85.9,244.0,0.75,450,RAMP
116.3977541923523,85.9,244.0,0.75,450,RAMP
116.57578349113464,85.9,244.0,0.75,450,RAMP
116.71975231170654,87.0,244.0,0.75,450,RAMP
116.84775257110596,87.0,244.0,0.75,450,RAMP
116.97675442695618,87.0,244.0,0.75,450,RAMP
117.1197521686554,87.3,244.0,0.75,450,RAMP
117.24878025054932,87.3,244.0,0.75,450,RAMP
117.38875365257263,87.3,244.0,0.75,450,RAMP
117.53578066825867,87.5,244.0,0.75,450,RAMP
117.6777834892273,87.5,244.0,0.75,450,RAMP
117.8467857837677,87.5,244.0,0.75,450,RAMP
118.02875804901123,87.8,244.0,0.75,450,RAMP
118.20478129386902,87.8,244.0,0.75,450,RAMP
118.34478187561035,88.0,244.0,0.75,450,RAMP
118.47878217697144,88.0,244.0,0.75,450,RAMP
118.61875104904175,88.0,244.0,0.75,450,RAMP
118.76075387001038,88.0,244.0,0.75,450,RAMP
118.91451835632324,88.0,244.0,0.75,450,RAMP
119.05351758003235,88.1,244.0,0.75,450,RAMP
119.25652360916138,88.1,244.0,0.75,450,RAMP
119.42652106285095,88.1,244.0,0.75,450,RAMP
119.59552001953125,88.2,244.0,0.75,450,RAMP
119.7395236492157,88.2,244.0,0.75,450,RAMP
119.88351774215698,88.2,244.0,0.75,450,RAMP
120.01851725578308,88.3,244.0,0.75,450,RAMP
120.15351724624634,88.3,244.0,0.75,450,RAMP
120.2825174331665,88.3,244.0,0.75,450,RAMP
120.42452001571655,88.5,244.0,0.75,450,RAMP
120.55351734161377,88.5,244.0,0.75,450,RAMP
120.74152112007141,88.6,244.0,0.75,450,RAMP
120.91851758956909,88.6,244.0,0.75,450,RAMP
121.0465521812439,88.6,244.0,0.75,450,RAMP
121.17651915550232,88.6,244.0,0.75,450,RAMP
121.32852220535278,88.6,244.0,0.75,450,RAMP
121.46551871299744,88.6,244.0,0.75,450,RAMP
121.6045503616333,89.9,244.0,0.75,450,RAMP
121.72952485084534,89.9,244.0,0.75,450,RAMP
121.8585193157196,89.9,244.0,0.75,450,RAMP
122.03657555580139,90.1,244.0,0.75,450,RAMP
122.23254132270813,90.1,244.0,0.75,450,RAMP
122.38157391548157,90.4,244.0,0.75,450,RAMP
122.55153965950012,90.4,244.0,0.75,450,RAMP
122.69556927680969,90.4,244.0,0.75,450,RAMP
122.82257509231567,90.6,244.0,0.75,450,RAMP
122.95157170295715,90.6,244.0,0.75,450,RAMP
123.09456658363342,90.6,244.0,0.75,450,RAMP
123.23754143714905,90.8,244.0,0.75,450,RAMP
123.36157250404358,90.8,244.0,0.75,450,RAMP
123.5345721244812,90.8,244.0,0.75,450,RAMP
123.7085428237915,90.8,244.0,0.75,450,RAMP
123.87854170799255,90.8,244.0,0.75,450,RAMP
124.01753878593445,90.9,244.0,0.75,450,RAMP
124.1605429649353,90.9,244.0,0.75,450,RAMP
124.29354238510132,90.9,244.0,0.75,450,RAMP
124.43653893470764,91.0,244.0,0.75,450,RAMP
124.57957530021667,91.0,244.0,0.75,450,RAMP
124.7095673084259,91.1,244.0,0.75,450,RAMP
124.84657526016235,91.1,244.0,0.75,450,RAMP
125.02454233169556,91.1,244.0,0.75,450,RAMP
125.1935727596283,91.2,244.0,0.75,450,RAMP
125.35854148864746,91.2,244.0,0.75,450,RAMP
125.50757360458374,91.4,244.0,0.75,450,RAMP
125.64157319068909,91.4,244.0,0.75,450,RAMP
125.7725739479065,91.4,244.0,0.75,450,RAMP
125.9025387763977,91.4,244.0,0.75,450,RAMP
126.04957222938538,91.4,244.0,0.75,450,RAMP
126.17954182624817,91.4,244.0,0.75,450,RAMP
126.31857109069824,92.5,244.0,0.75,450,RAMP
126.49754309654236,92.5,244.0,0.75,450,RAMP
126.65357184410095,92.5,244.0,0.75,450,RAMP
126.7845389842987,92.8,244.0,0.75,450,RAMP
126.92857265472412,92.8,244.0,0.75,450,RAMP
127.0895459651947,92.8,244.0,0.75,450,RAMP
127.23954463005066,93.0,244.0,0.75,450,RAMP
127.37654209136963,93.0,244.0,0.75,450,RAMP
127.52057194709778,93.3,244.0,0.75,450,RAMP
127.65957283973694,93.3,244.0,0.75,450,RAMP
127.84054183959961,93.3,244.0,0.75,450,RAMP
128.01254272460938,93.5,244.0,0.75,450,RAMP
128.1445722579956,93.5,244.0,0.75,450,RAMP
128.28753900527954,93.5,244.0,0.75,450,RAMP
128.43156671524048,93.5,244.0,0.75,450,RAMP
128.5755410194397,93.5,244.0,0.75,450,RAMP
128.71957206726074,93.6,244.0,0.75,450,RAMP
128.8555727005005,93.6,244.0,0.75,450,RAMP
128.9885733127594,93.6,244.0,0.75,450,RAMP
129.12754154205322,93.7,244.0,0.75,450,RAMP
129.32057404518127,93.7,244.0,0.75,450,RAMP
129.5015730857849,93.7,244.0,0.75,450,RAMP
129.62857365608215,93.9,244.0,0.75,450,RAMP
129.77157402038574,93.9,244.0,0.75,450,RAMP
129.91260981559753,93.9,244.0,0.75,450,RAMP
130.0775773525238,94.0,244.0,0.75,450,RAMP
130.22157311439514,94.0,244.0,0.75,450,RAMP
130.38157320022583,94.2,244.0,0.75,450,RAMP
130.52554178237915,94.2,244.0,0.75,450,RAMP
130.69454264640808,94.2,244.0,0.75,450,RAMP
130.8725504875183,94.2,244.0,0.75,450,RAMP
131.00457191467285,94.2,244.0,0.75,450,RAMP
131.14757800102234,95.4,244.0,0.75,450,RAMP
131.28857421875,95.4,244.0,0.75,450,RAMP
131.4355390071869,95.4,244.0,0.75,450,RAMP
131.5745735168457,95.7,244.0,0.75,450,RAMP
131.706547498703,95.7,244.0,0.75,450,RAMP
131.8455686569214,95.7,244.0,0.75,450,RAMP
131.98957204818726,95.9,244.0,0.75,450,RAMP
132.18356704711914,95.9,244.0,0.75,450,RAMP
132.34057474136353,96.1,244.0,0.75,450,RAMP
132.52257370948792,96.1,244.0,0.75,450,RAMP
132.6665711402893,96.1,244.0,0.75,450,RAMP
132.8085458278656,96.3,244.0,0.75,450,RAMP
132.93656659126282,96.3,244.0,0.75,450,RAMP
133.10957288742065,96.3,244.0,0.75,450,RAMP
133.24054479599,96.3,244.0,0.75,450,RAMP
133.3935408592224,96.3,244.0,0.75,450,RAMP
133.57157397270203,96.4,244.0,0.75,450,RAMP
133.7205400466919,96.4,244.0,0.75,450,RAMP
133.86257767677307,96.4,244.0,0.75,450,RAMP
133.9875407218933,96.5,244.0,0.75,450,RAMP
134.11857199668884,96.5,244.0,0.75,450,RAMP
134.2455792427063,96.5,244.0,0.75,450,RAMP
134.37457466125488,96.7,244.0,0.75,450,RAMP
134.51856589317322,96.7,244.0,0.75,450,RAMP
134.64657878875732,96.7,244.0,0.75,450,RAMP
134.8015718460083,96.8,244.0,0.75,450,RAMP
134.96554040908813,96.8,244.0,0.75,450,RAMP
135.12557411193848,97.0,244.0,0.75,450,RAMP
135.26857328414917,97.0,244.0,0.75,450,RAMP
135.4075469970703,97.0,244.0,0.75,450,RAMP
135.55657362937927,97.0,244.0,0.75,450,RAMP
135.71254706382751,97.0,244.0,0.75,450,RAMP
135.8435730934143,97.0,244.0,0.75,450,RAMP
135.97153997421265,98.3,244.0,0.75,450,RAMP
136.09555172920227,98.3,244.0,0.75,450,RAMP
136.27554392814636,98.3,244.0,0.75,450,RAMP
136.43001222610474,98.6,244.0,0.75,450,RAMP
136.59398984909058,98.6,244.0,0.75,450,RAMP
136.7709882259369,98.8,244.0,0.75,450,RAMP
136.91498827934265,98.8,244.0,0.75,450,RAMP
137.0599925518036,98.8,244.0,0.75,450,RAMP
137.197988986969,99.0,244.0,0.75,450,RAMP
137.3299925327301,99.0,244.0,0.75,450,RAMP
137.47399282455444,99.0,244.0,0.75,450,RAMP
137.61398935317993,99.2,244.0,0.75,450,RAMP
137.78898978233337,99.2,244.0,0.75,450,RAMP
137.95202016830444,99.2,244.0,0.75,450,RAMP
138.12899947166443,99.2,244.0,0.75,450,RAMP
138.27199029922485,99.2,244.0,0.75,450,RAMP
138.40701413154602,99.3,244.0,0.75,450,RAMP
138.54299116134644,99.3,244.0,0.75,450,RAMP
138.67199063301086,99.3,244.0,0.75,450,RAMP
138.79998993873596,99.4,244.0,0.75,450,RAMP
138.93099451065063,99.4,244.0,0.75,450,RAMP
139.07200598716736,99.4,244.0,0.75,450,RAMP
139.21299195289612,99.5,244.0,0.75,450,RAMP
139.39099979400635,99.5,244.0,0.75,450,RAMP
139.54099106788635,99.7,244.0,0.75,450,RAMP
139.67802214622498,99.7,244.0,0.75,450,RAMP
139.801988363266,99.7,244.0,0.75,450,RAMP
139.9659881591797,99.9,244.0,0.75,450,RAMP
140.11598801612854,99.9,244.0,0.75,450,RAMP
140.26998949050903,99.9,244.0,0.75,450,RAMP
140.41898918151855,99.9,244.0,0.75,450,RAMP
140.56898880004883,99.9,244.0,0.75,450,RAMP
140.7659890651703,101.1,244.0,0.75,450,RAMP
140.90398836135864,101.1,244.0,0.75,450,RAMP
141.03199124336243,101.1,244.0,0.75,450,RAMP
141.16399908065796,101.4,244.0,0.75,450,RAMP
141.30899477005005,101.4,244.0,0.75,450,RAMP
141.45201992988586,101.4,244.0,0.75,450,RAMP
141.59599137306213,101.6,244.0,0.75,450,RAMP
141.74199199676514,101.6,244.0,0.75,450,RAMP
141.8829882144928,101.6,244.0,0.75,450,RAMP
142.0379889011383,101.9,244.0,0.75,450,RAMP
142.201988697052,101.9,244.0,0.75,450,RAMP
142.3789939880371,102.1,244.0,0.75,450,RAMP
142.50899147987366,102.1,244.0,0.75,450,RAMP
142.64798831939697,102.1,244.0,0.75,450,RAMP
142.7939896583557,102.1,244.0,0.75,450,RAMP
142.92199182510376,102.1,244.0,0.75,450,RAMP
143.04998803138733,102.1,244.0,0.75,450,RAMP
143.1929910182953,102.2,244.0,0.75,450,RAMP
143.3209891319275,102.2,244.0,0.75,450,RAMP
143.464989900589,102.2,244.0,0.75,450,RAMP
143.6139886379242,102.4,244.0,0.75,450,RAMP
143.76998805999756,102.4,244.0,0.75,450,RAMP
143.912992477417,102.5,244.0,0.75,450,RAMP
144.06801867485046,102.5,244.0,0.75,450,RAMP
144.19998788833618,102.5,244.0,0.75,450,RAMP
144.34399008750916,102.6,244.0,0.75,450,RAMP
144.46698832511902,102.6,244.0,0.75,450,RAMP
144.6019880771637,102.6,244.0,0.75,450,RAMP
144.75799083709717,102.8,244.0,0.75,450,RAMP
144.94998812675476,102.8,244.0,0.75,450,RAMP
145.12799191474915,102.8,244.0,0.75,450,RAMP
145.27098846435547,102.8,244.0,0.75,450,RAMP
145.4129936695099,102.8,244.0,0.75,450,RAMP
145.5369884967804,104.0,244.0,0.75,450,RAMP
145.67799043655396,104.0,244.0,0.75,450,RAMP
145.812025308609,104.0,244.0,0.75,450,RAMP
145.93798995018005,104.2,244.0,0.75,450,RAMP
146.06799006462097,104.2,244.0,0.75,450,RAMP
146.20699167251587,104.2,244.0,0.75,450,RAMP
146.37299275398254,104.4,244.0,0.75,450,RAMP
146.51598858833313,104.4,244.0,0.75,450,RAMP
146.64798879623413,104.4,244.0,0.75,450,RAMP
146.78798818588257,104.7,244.0,0.75,450,RAMP
146.93198800086975,104.7,244.0,0.75,450,RAMP
147.07599067687988,104.7,244.0,0.75,450,RAMP
147.21998810768127,104.9,244.0,0.75,450,RAMP
147.36398911476135,104.9,244.0,0.75,450,RAMP
147.4889907836914,104.9,244.0,0.75,450,RAMP
147.66299176216125,104.9,244.0,0.75,450,RAMP
147.8489887714386,104.9,244.0,0.75,450,RAMP
147.98698830604553,105.0,244.0,0.75,450,RAMP
148.12399244308472,105.0,244.0,0.75,450,RAMP
148.25298881530762,105.0,244.0,0.75,450,RAMP
148.3859887123108,105.1,244.0,0.75,450,RAMP
148.5129909515381,105.1,244.0,0.75,450,RAMP
148.66299271583557,105.1,244.0,0.75,450,RAMP
148.80299043655396,105.2,244.0,0.75,450,RAMP
148.9739954471588,105.2,244.0,0.75,450,RAMP
149.15499019622803,105.4,244.0,0.75,450,RAMP
149.3289921283722,105.4,244.0,0.75,450,RAMP
149.47299337387085,105.4,244.0,0.75,450,RAMP
149.61598825454712,105.6,244.0,0.75,450,RAMP
149.74401879310608,105.6,244.0,0.75,450,RAMP
149.8879885673523,105.6,244.0,0.75,450,RAMP
150.0309934616089,105.6,244.0,0.75,450,RAMP
150.15999150276184,105.6,244.0,0.75,450,RAMP
150.31902050971985,106.8,244.0,0.75,450,RAMP
150.46299004554749,106.8,244.0,0.75,450,RAMP
150.67098832130432,106.8,244.0,0.75,450,RAMP
150.84699153900146,107.1,244.0,0.75,450,RAMP
150.98499059677124,107.1,244.0,0.75,450,RAMP
151.14998865127563,107.3,244.0,0.75,450,RAMP
151.2949948310852,107.3,244.0,0.75,450,RAMP
151.4349880218506,107.3,244.0,0.75,450,RAMP
151.57999181747437,107.5,244.0,0.75,450,RAMP
151.72502279281616,107.5,244.0,0.75,450,RAMP
151.86898851394653,107.5,244.0,0.75,450,RAMP
152.02999758720398,107.8,244.0,0.75,450,RAMP
152.23598790168762,107.8,244.0,0.75,450,RAMP
152.37998914718628,107.8,244.0,0.75,450,RAMP
152.50799131393433,107.8,244.0,0.75,450,RAMP
152.6529881954193,107.8,244.0,0.75,450,RAMP
152.79599165916443,107.9,244.0,0.75,450,RAMP
152.93899083137512,107.9,244.0,0.75,450,RAMP
153.0909924507141,107.9,244.0,0.75,450,RAMP
153.22799062728882,108.0,244.0,0.75,450,RAMP
153.36998867988586,108.0,244.0,0.75,450,RAMP
153.56299090385437,108.1,244.0,0.75,450,RAMP
153.7339904308319,108.1,244.0,0.75,450,RAMP
153.8789987564087,108.1,244.0,0.75,450,RAMP
154.00999116897583,108.2,244.0,0.75,450,RAMP
154.13798809051514,108.2,244.0,0.75,450,RAMP
154.281023979187,108.2,244.0,0.75,450,RAMP
154.42499470710754,108.4,244.0,0.75,450,RAMP
154.56898880004883,108.4,244.0,0.75,450,RAMP
154.73598861694336,108.4,244.0,0.75,450,RAMP
154.90198945999146,108.4,244.0,0.75,450,RAMP
155.0959906578064,108.4,244.0,0.75,450,RAMP
155.2399935722351,109.7,244.0,0.75,450,RAMP
155.36499094963074,109.7,244.0,0.75,450,RAMP
155.51099371910095,109.7,244.0,0.75,450,RAMP
155.6549892425537,109.9,244.0,0.75,450,RAMP
155.78899025917053,109.9,244.0,0.75,450,RAMP
155.92699027061462,110.2,244.0,0.75,450,RAMP
156.06598949432373,110.2,244.0,0.75,450,RAMP
156.2579927444458,110.2,244.0,0.75,450,RAMP
156.44402170181274,110.5,244.0,0.75,450,RAMP
156.6299901008606,110.5,244.0,0.75,450,RAMP
156.75799036026,110.7,244.0,0.75,450,RAMP
156.90302562713623,110.7,244.0,0.75,450,RAMP
157.027991771698,110.7,244.0,0.75,450,RAMP
157.1570224761963,110.7,244.0,0.75,450,RAMP
157.28002262115479,110.7,244.0,0.75,450,RAMP
157.40799140930176,110.7,244.0,0.75,450,RAMP
157.53698801994324,110.8,244.0,0.75,450,RAMP
157.71199083328247,110.8,244.0,0.75,450,RAMP
157.8760061264038,110.8,244.0,0.75,450,RAMP
158.01999139785767,110.9,244.0,0.75,450,RAMP
158.14798879623413,110.9,244.0,0.75,450,RAMP
158.28899121284485,110.9,244.0,0.75,450,RAMP
158.44798922538757,111.0,244.0,0.75,450,RAMP
158.5829882621765,111.0,244.0,0.75,450,RAMP
158.72202801704407,111.2,244.0,0.75,450,RAMP
158.8679883480072,111.2,244.0,0.75,450,RAMP
159.06998825073242,111.2,244.0,0.75,450,RAMP
159.23498964309692,111.4,244.0,0.75,450,RAMP
159.37899327278137,111.4,244.0,0.75,450,RAMP
159.52198958396912,111.4,244.0,0.75,450,RAMP
159.66598844528198,111.4,244.0,0.75,450,RAMP
159.80398797988892,111.4,244.0,0.75,450,RAMP
159.93602657318115,112.6,244.0,0.75,450,RAMP
160.0809886455536,112.6,244.0,0.75,450,RAMP
160.22499108314514,112.6,244.0,0.75,450,RAMP
160.36899161338806,112.8,244.0,0.75,450,RAMP
160.53999280929565,112.8,244.0,0.75,450,RAMP
160.72098875045776,113.1,244.0,0.75,450,RAMP
160.85802221298218,113.1,244.0,0.75,450,RAMP
160.9919900894165,113.1,244.0,0.75,450,RAMP
161.1299910545349,113.3,244.0,0.75,450,RAMP
161.30402088165283,113.3,244.0,0.75,450,RAMP
161.43899035453796,113.3,244.0,0.75,450,RAMP
161.58199048042297,113.4,244.0,0.75,450,RAMP
161.7189884185791,113.4,244.0,0.75,450,RAMP
161.84998869895935,113.4,244.0,0.75,450,RAMP
162.0399947166443,113.4,244.0,0.75,450,RAMP
162.21998834609985,113.4,244.0,0.75,450,RAMP
162.34998846054077,113.5,244.0,0.75,450,RAMP
162.49401831626892,113.5,244.0,0.75,450,RAMP
162.6349880695343,113.5,244.0,0.75,450,RAMP
162.76502060890198,113.6,244.0,0.75,450,RAMP
162.8929898738861,113.6,244.0,0.75,450,RAMP
163.0369884967804,113.6,244.0,0.75,450,RAMP
163.1659882068634,113.7,244.0,0.75,450,RAMP
163.3519880771637,113.7,244.0,0.75,450,RAMP
163.53798866271973,113.9,244.0,0.75,450,RAMP
163.69199013710022,113.9,244.0,0.75,450,RAMP
163.83598828315735,113.9,244.0,0.75,450,RAMP
163.9790279865265,114.1,244.0,0.75,450,RAMP
164.10699272155762,114.1,244.0,0.75,450,RAMP
164.2509880065918,114.1,244.0,0.75,450,RAMP
164.3789930343628,114.1,244.0,0.75,450,RAMP
164.52899193763733,114.1,244.0,0.75,450,RAMP
164.68198823928833,114.1,244.0,0.75,450,RAMP
164.82198929786682,115.3,244.0,0.75,450,RAMP
164.9859881401062,115.3,244.0,0.75,450,RAMP
165.1289918422699,115.5,244.0,0.75,450,RAMP
165.273992061615,115.5,244.0,0.75,450,RAMP
165.4169886112213,115.5,244.0,0.75,450,RAMP
165.54399037361145,115.8,244.0,0.75,450,RAMP
165.67299723625183,115.8,244.0,0.75,450,RAMP
165.81698989868164,115.8,244.0,0.75,450,RAMP
165.9369878768921,116.0,244.0,0.75,450,RAMP
166.09898948669434,116.0,244.0,0.75,450,RAMP
166.26498937606812,116.0,244.0,0.75,450,RAMP
166.4079897403717,116.2,244.0,0.75,450,RAMP
166.55298829078674,116.2,244.0,0.75,450,RAMP
166.69599866867065,116.2,244.0,0.75,450,RAMP
166.8560266494751,116.2,244.0,0.75,450,RAMP
166.9979898929596,116.2,244.0,0.75,450,RAMP
167.1489884853363,116.3,244.0,0.75,450,RAMP
167.2819881439209,116.3,244.0,0.75,450,RAMP
167.42499041557312,116.3,244.0,0.75,450,RAMP
167.56998825073242,116.4,244.0,0.75,450,RAMP
167.74499106407166,116.4,244.0,0.75,450,RAMP
167.8789930343628,116.4,244.0,0.75,450,RAMP
168.0219898223877,116.6,244.0,0.75,450,RAMP
168.1669886112213,116.6,244.0,0.75,450,RAMP
168.30799007415771,116.6,244.0,0.75,450,RAMP
168.45398831367493,116.7,244.0,0.75,450,RAMP
168.59603214263916,116.7,244.0,0.75,450,RAMP
168.72399497032166,116.9,244.0,0.75,450,RAMP
168.87799072265625,116.9,244.0,0.75,450,RAMP
169.02299523353577,116.9,244.0,0.75,450,RAMP
169.20398807525635,116.9,244.0,0.75,450,RAMP
169.34599137306213,116.9,244.0,0.75,450,RAMP
169.47599029541016,116.9,244.0,0.75,450,RAMP
169.61901998519897,118.0,244.0,0.75,450,RAMP
169.74599838256836,118.0,244.0,0.75,450,RAMP
169.88099026679993,118.0,244.0,0.75,450,RAMP
170.01998805999756,118.3,244.0,0.75,450,RAMP
170.15899014472961,118.3,244.0,0.75,450,RAMP
170.33398866653442,118.5,244.0,0.75,450,RAMP
170.5139889717102,118.5,244.0,0.75,450,RAMP
170.66299271583557,118.5,244.0,0.75,450,RAMP
170.80298852920532,118.7,244.0,0.75,450,RAMP
170.92900156974792,118.7,244.0,0.75,450,RAMP
171.0700204372406,118.7,244.0,0.75,450,RAMP
171.20198822021484,119.0,244.0,0.75,450,RAMP
171.3439919948578,119.0,244.0,0.75,450,RAMP
171.47299218177795,119.0,244.0,0.75,450,RAMP
171.61598873138428,119.0,244.0,0.75,450,RAMP
171.78498816490173,119.0,244.0,0.75,450,RAMP
171.96499228477478,119.0,244.0,0.75,450,RAMP
172.12899565696716,119.0,244.0,0.75,450,RAMP
172.27199602127075,119.0,244.0,0.75,450,RAMP
172.42702221870422,119.1,244.0,0.75,450,RAMP
172.55599308013916,119.1,244.0,0.75,450,RAMP
172.70298981666565,119.1,244.0,0.75,450,RAMP
172.84698867797852,119.3,244.0,0.75,450,RAMP
172.96998810768127,119.3,244.0,0.75,450,RAMP
173.17602252960205,119.4,244.0,0.75,450,RAMP
173.34199142456055,119.4,244.0,0.75,450,RAMP
173.5029900074005,119.4,244.0,0.75,450,RAMP
173.6460247039795,119.6,244.0,0.75,450,RAMP
173.78798842430115,119.6,244.0,0.75,450,RAMP
173.93298840522766,119.6,244.0,0.75,450,RAMP
174.05700302124023,119.6,244.0,0.75,450,RAMP
174.1919891834259,119.6,244.0,0.75,450,RAMP
174.33198833465576,120.8,244.0,0.75,450,RAMP
174.48198819160461,120.8,244.0,0.75,450,RAMP
174.63498878479004,120.8,244.0,0.75,450,RAMP
174.79099106788635,121.1,244.0,0.75,450,RAMP
174.98498797416687,121.1,244.0,0.75,450,RAMP
175.10999131202698,121.4,244.0,0.75,450,RAMP
175.30699157714844,121.4,244.0,0.75,450,RAMP
175.43598794937134,121.4,244.0,0.75,450,RAMP
175.5849883556366,121.6,244.0,0.75,450,RAMP
175.73798847198486,121.6,244.0,0.75,450,RAMP
175.8919975757599,121.6,244.0,0.75,450,RAMP
176.0219931602478,121.8,244.0,0.75,450,RAMP
176.19798970222473,121.8,244.0,0.75,450,RAMP
176.3829882144928,121.8,244.0,0.75,450,RAMP
176.52098989486694,121.8,244.0,0.75,450,RAMP
176.64898943901062,121.8,244.0,0.75,450,RAMP
176.79102230072021,121.8,244.0,0.75,450,RAMP
176.92199301719666,121.8,244.0,0.75,450,RAMP
177.0629906654358,121.8,244.0,0.75,450,RAMP
177.18698811531067,121.9,244.0,0.75,450,RAMP
177.31998801231384,121.9,244.0,0.75,450,RAMP
177.43999314308167,121.9,244.0,0.75,450,RAMP
177.61898827552795,122.1,244.0,0.75,450,RAMP
177.82999467849731,122.1,244.0,0.75,450,RAMP
177.99798893928528,122.3,244.0,0.75,450,RAMP
178.1299901008606,122.3,244.0,0.75,450,RAMP
178.25998997688293,122.3,244.0,0.75,450,RAMP
178.40799021720886,122.5,244.0,0.75,450,RAMP
178.54998993873596,122.5,244.0,0.75,450,RAMP
178.6949896812439,122.5,244.0,0.75,450,RAMP
178.83798933029175,122.5,244.0,0.75,450,RAMP
178.97899317741394,122.5,244.0,0.75,450,RAMP
179.16299080848694,123.9,244.0,0.75,450,RAMP
179.34898948669434,123.9,244.0,0.75,450,RAMP
179.49798846244812,123.9,244.0,0.75,450,RAMP
179.6369879245758,124.1,244.0,0.75,450,RAMP
179.77999210357666,124.1,244.0,0.75,450,RAMP
179.92499208450317,124.3,244.0,0.75,450,RAMP
180.06300282478333,124.3,244.0,0.75,450,RAMP
180.20699167251587,124.3,244.0,0.75,450,RAMP
180.3839898109436,124.6,244.0,0.75,450,RAMP
180.5629906654358,124.6,244.0,0.75,450,RAMP
180.72299480438232,125.0,244.0,0.75,450,RAMP
180.86698818206787,125.0,244.0,0.75,450,RAMP
181.00198984146118,125.0,244.0,0.75,450,RAMP
181.13898992538452,125.0,244.0,0.75,450,RAMP
181.2659933567047,125.0,244.0,0.75,450,RAMP
181.39399075508118,125.0,244.0,0.75,450,RAMP
181.53698825836182,125.1,244.0,0.75,450,RAMP
181.68099212646484,125.1,244.0,0.75,450,RAMP
181.8049886226654,125.1,244.0,0.75,450,RAMP
181.9839882850647,125.2,244.0,0.75,450,RAMP
182.18398809432983,125.2,244.0,0.75,450,RAMP
182.3349883556366,125.3,244.0,0.75,450,RAMP
182.46498847007751,125.3,244.0,0.75,450,RAMP
182.59898900985718,125.3,244.0,0.75,450,RAMP
182.73602032661438,125.5,244.0,0.75,450,RAMP
182.86502170562744,125.5,244.0,0.75,450,RAMP
183.0120222568512,125.5,244.0,0.75,450,RAMP
183.15198802947998,125.7,244.0,0.75,450,RAMP
183.3309886455536,125.7,244.0,0.75,450,RAMP
183.49899005889893,125.7,244.0,0.75,450,RAMP
183.69499230384827,125.7,244.0,0.75,450,RAMP
183.81998801231384,125.7,244.0,0.75,450,RAMP
183.96601963043213,127.0,244.0,0.75,450,RAMP
184.0929913520813,127.0,244.0,0.75,450,RAMP
184.22399258613586,127.0,244.0,0.75,450,RAMP
184.36698818206787,127.2,244.0,0.75,450,RAMP
184.50999069213867,127.2,244.0,0.75,450,RAMP
184.65198826789856,127.2,244.0,0.75,450,RAMP
184.80700135231018,127.5,244.0,0.75,450,RAMP
184.98498845100403,127.5,244.0,0.75,450,RAMP
185.14099073410034,127.7,244.0,0.75,450,RAMP
185.27799010276794,127.7,244.0,0.75,450,RAMP
185.4389910697937,127.7,244.0,0.75,450,RAMP
185.59199118614197,127.8,244.0,0.75,450,RAMP
185.73999500274658,127.8,244.0,0.75,450,RAMP
185.88498830795288,127.8,244.0,0.75,450,RAMP
186.0459976196289,127.8,244.0,0.75,450,RAMP
186.18198823928833,127.8,244.0,0.75,450,RAMP
186.37399244308472,127.9,244.0,0.75,450,RAMP
186.55499029159546,127.9,244.0,0.75,450,RAMP
186.6840159893036,127.9,244.0,0.75,450,RAMP
186.83798933029175,128.0,244.0,0.75,450,RAMP
186.9859881401062,128.0,244.0,0.75,450,RAMP
187.1299979686737,128.1,244.0,0.75,450,RAMP
187.2740080356598,128.1,244.0,0.75,450,RAMP
187.41998982429504,128.1,244.0,0.75,450,RAMP
187.62399339675903,128.2,244.0,0.75,450,RAMP
187.77998995780945,128.2,244.0,0.75,450,RAMP
187.97799015045166,128.4,244.0,0.75,450,RAMP
188.12199354171753,128.4,244.0,0.75,450,RAMP
188.26299500465393,128.4,244.0,0.75,450,RAMP
188.39199352264404,128.4,244.0,0.75,450,RAMP
188.53598856925964,128.4,244.0,0.75,450,RAMP
188.67899584770203,128.4,244.0,0.75,450,RAMP
188.81299090385437,129.6,244.0,0.75,450,RAMP
188.9800202846527,129.6,244.0,0.75,450,RAMP
189.15398812294006,129.8,244.0,0.75,450,RAMP
189.33601999282837,129.8,244.0,0.75,450,RAMP
189.47403168678284,129.8,244.0,0.75,450,RAMP
189.60298800468445,130.0,244.0,0.75,450,RAMP
189.74599361419678,130.0,244.0,0.75,450,RAMP
189.89298963546753,130.0,244.0,0.75,450,RAMP
190.04198932647705,130.2,244.0,0.75,450,RAMP
190.1819887161255,130.2,244.0,0.75,450,RAMP
190.30498838424683,130.5,244.0,0.75,450,RAMP
190.49099111557007,130.5,244.0,0.75,450,RAMP
190.65700435638428,130.5,244.0,0.75,450,RAMP
190.82199454307556,130.5,244.0,0.75,450,RAMP
190.964989900589,130.5,244.0,0.75,450,RAMP
191.10499143600464,130.5,244.0,0.75,450,RAMP
191.23698782920837,130.6,244.0,0.75,450,RAMP
191.37999033927917,130.6,244.0,0.75,450,RAMP
191.5229971408844,130.6,244.0,0.75,450,RAMP
191.66203022003174,130.7,244.0,0.75,450,RAMP
191.78999304771423,130.7,244.0,0.75,450,RAMP
191.98798823356628,130.8,244.0,0.75,450,RAMP
192.17999076843262,130.8,244.0,0.75,450,RAMP
192.32198977470398,130.9,244.0,0.75,450,RAMP
192.4629898071289,130.9,244.0,0.75,450,RAMP
192.6100208759308,130.9,244.0,0.75,450,RAMP
192.75498938560486,131.1,244.0,0.75,450,RAMP
192.8970217704773,131.1,244.0,0.75,450,RAMP
193.02399277687073,131.1,244.0,0.75,450,RAMP
193.16399359703064,131.1,244.0,0.75,450,RAMP
193.37199449539185,131.1,244.0,0.75,450,RAMP
193.5909938812256,132.3,244.0,0.75,450,RAMP
193.73498797416687,132.3,244.0,0.75,450,RAMP
193.88798809051514,132.3,244.0,0.75,450,RAMP
194.030024766922,132.6,244.0,0.75,450,RAMP
194.17599034309387,132.6,244.0,0.75,450,RAMP
194.319988489151,132.6,244.0,0.75,450,RAMP
194.45799040794373,132.8,244.0,0.75,450,RAMP
194.63398814201355,132.8,244.0,0.75,450,RAMP
194.80098819732666,133.0,244.0,0.75,450,RAMP
194.9710214138031,133.0,244.0,0.75,450,RAMP
195.11798810958862,133.0,244.0,0.75,450,RAMP
195.24099159240723,133.2,244.0,0.75,450,RAMP
195.36798977851868,133.2,244.0,0.75,450,RAMP
195.50398802757263,133.2,244.0,0.75,450,RAMP
195.64599704742432,133.2,244.0,0.75,450,RAMP
195.78898978233337,133.2,244.0,0.75,450,RAMP
195.92999172210693,133.3,244.0,0.75,450,RAMP
196.12098813056946,133.3,244.0,0.75,450,RAMP
196.31698846817017,133.4,244.0,0.75,450,RAMP
196.50799131393433,133.4,244.0,0.75,450,RAMP
196.64798831939697,133.4,244.0,0.75,450,RAMP
196.79599285125732,133.5,244.0,0.75,450,RAMP
196.94102334976196,133.5,244.0,0.75,450,RAMP
197.0789999961853,133.5,244.0,0.75,450,RAMP
197.21199107170105,133.7,244.0,0.75,450,RAMP
197.38899064064026,133.7,244.0,0.75,450,RAMP
197.56299114227295,133.9,244.0,0.75,450,RAMP
197.73398995399475,133.9,244.0,0.75,450,RAMP
197.89798855781555,133.9,244.0,0.75,450,RAMP
198.04299354553223,133.9,244.0,0.75,450,RAMP
198.19600820541382,133.9,244.0,0.75,450,RAMP
198.33000302314758,135.1,244.0,0.75,450,RAMP
198.47299718856812,135.1,244.0,0.75,450,RAMP
198.61402440071106,135.1,244.0,0.75,450,RAMP
198.74998831748962,135.3,244.0,0.75,450,RAMP
198.91898798942566,135.3,244.0,0.75,450,RAMP
199.0859887599945,135.3,244.0,0.75,450,RAMP
199.21998810768127,135.5,244.0,0.75,450,RAMP
199.36798858642578,135.5,244.0,0.75,450,RAMP
199.48698806762695,135.5,244.0,0.75,450,RAMP
199.6199882030487,135.8,244.0,0.75,450,RAMP
199.75198793411255,135.8,244.0,0.75,450,RAMP
199.88798832893372,135.8,244.0,0.75,450,RAMP
200.02199029922485,136.1,244.0,0.75,450,RAMP
200.16399145126343,136.1,244.0,0.75,450,RAMP
200.3549885749817,136.1,244.0,0.75,450,RAMP
200.54798889160156,136.1,244.0,0.75,450,RAMP
200.72599172592163,136.2,244.0,0.75,450,RAMP
200.86999011039734,136.2,244.0,0.75,450,RAMP
201.01398921012878,136.2,244.0,0.75,450,RAMP
201.15699768066406,136.3,244.0,0.75,450,RAMP
201.2990255355835,136.3,244.0,0.75,450,RAMP
201.44199228286743,136.3,244.0,0.75,450,RAMP
201.6220245361328,136.4,244.0,0.75,450,RAMP
201.77999091148376,136.4,244.0,0.75,450,RAMP
201.9519898891449,136.5,244.0,0.75,450,RAMP
202.11199045181274,136.5,244.0,0.75,450,RAMP
202.27799320220947,136.5,244.0,0.75,450,RAMP
202.41498851776123,136.7,244.0,0.75,450,RAMP
202.5429904460907,136.7,244.0,0.75,450,RAMP
202.6749918460846,136.7,244.0,0.75,450,RAMP
202.80398797988892,136.7,244.0,0.75,450,RAMP
202.9429895877838,136.7,244.0,0.75,450,RAMP
203.07599329948425,136.7,244.0,0.75,450,RAMP
203.2129909992218,137.8,244.0,0.75,450,RAMP
203.38898968696594,137.8,244.0,0.75,450,RAMP
203.58499097824097,138.0,244.0,0.75,450,RAMP
203.72498965263367,138.0,244.0,0.75,450,RAMP
203.8579912185669,138.0,244.0,0.75,450,RAMP
204.00700902938843,138.2,244.0,0.75,450,RAMP
204.1619918346405,138.2,244.0,0.75,450,RAMP
204.31598830223083,138.2,244.0,0.75,450,RAMP
204.4439914226532,138.4,244.0,0.75,450,RAMP
204.5889904499054,138.4,244.0,0.75,450,RAMP
204.7469882965088,138.6,244.0,0.75,450,RAMP
204.9289948940277,138.6,244.0,0.75,450,RAMP
205.0719907283783,138.6,244.0,0.75,450,RAMP
205.22699165344238,138.6,244.0,0.75,450,RAMP
205.37098860740662,138.6,244.0,0.75,450,RAMP
205.50198984146118,138.6,244.0,0.75,450,RAMP
205.63098883628845,138.7,244.0,0.75,450,RAMP
205.7749900817871,138.7,244.0,0.75,450,RAMP
205.91299152374268,138.7,244.0,0.75,450,RAMP
206.04798889160156,138.8,244.0,0.75,450,RAMP
206.21898818016052,138.8,244.0,0.75,450,RAMP
206.39798951148987,138.9,244.0,0.75,450,RAMP
206.5419909954071,138.9,244.0,0.75,450,RAMP
206.68698811531067,138.9,244.0,0.75,450,RAMP
206.83702278137207,139.0,244.0,0.75,450,RAMP
206.97199320793152,139.0,244.0,0.75,450,RAMP
207.10098791122437,139.0,244.0,0.75,450,RAMP
207.24599432945251,139.2,244.0,0.75,450,RAMP
207.38798832893372,139.2,244.0,0.75,450,RAMP
207.56300234794617,139.2,244.0,0.75,450,RAMP
207.72702169418335,139.2,244.0,0.75,450,RAMP
207.89901995658875,139.2,244.0,0.75,450,RAMP
208.02299571037292,140.3,244.0,0.75,450,RAMP
208.1719958782196,140.3,244.0,0.75,450,RAMP
208.30901885032654,140.3,244.0,0.75,450,RAMP
208.4419903755188,140.5,244.0,0.75,450,RAMP
208.569988489151,140.5,244.0,0.75,450,RAMP
208.71399450302124,140.5,244.0,0.75,450,RAMP
208.85799288749695,140.8,244.0,0.75,450,RAMP
208.99998807907104,140.8,244.0,0.75,450,RAMP
209.18899154663086,140.9,244.0,0.75,450,RAMP
209.35098814964294,140.9,244.0,0.75,450,RAMP
209.49699640274048,140.9,244.0,0.75,450,RAMP
209.63598799705505,141.1,244.0,0.75,450,RAMP
209.76898860931396,141.1,244.0,0.75,450,RAMP
209.91302275657654,141.1,244.0,0.75,450,RAMP
210.04599475860596,141.1,244.0,0.75,450,RAMP
210.18498826026917,141.1,244.0,0.75,450,RAMP
210.32199048995972,141.2,244.0,0.75,450,RAMP
210.48498797416687,141.2,244.0,0.75,450,RAMP
210.67899179458618,141.2,244.0,0.75,450,RAMP
210.82199215888977,141.3,244.0,0.75,450,RAMP
210.94798851013184,141.3,244.0,0.75,450,RAMP
211.09399223327637,141.3,244.0,0.75,450,RAMP
211.22299242019653,141.4,244.0,0.75,450,RAMP
211.38298797607422,141.4,244.0,0.75,450,RAMP
211.52606320381165,141.5,244.0,0.75,450,RAMP
211.68606543540955,141.5,244.0,0.75,450,RAMP
211.84106826782227,141.5,244.0,0.75,450,RAMP
212.00306844711304,141.7,244.0,0.75,450,RAMP
212.16207218170166,141.7,244.0,0.75,450,RAMP
212.292067527771,141.7,244.0,0.75,450,RAMP
212.42203521728516,141.7,244.0,0.75,450,RAMP
212.56106734275818,141.7,244.0,0.75,450,RAMP
212.7090356349945,141.7,244.0,0.75,450,RAMP
212.85203385353088,142.8,244.0,0.75,450,RAMP
212.99605321884155,142.8,244.0,0.75,450,RAMP
213.1350657939911,143.0,244.0,0.75,450,RAMP
213.3660373687744,143.0,244.0,0.75,450,RAMP
213.5390636920929,143.2,244.0,0.75,450,RAMP
213.68206667900085,143.2,244.0,0.75,450,RAMP
213.82406783103943,143.2,244.0,0.75,450,RAMP
213.97006559371948,143.4,244.0,0.75,450,RAMP
214.11408185958862,143.4,244.0,0.75,450,RAMP
214.26205825805664,143.4,244.0,0.75,450,RAMP
214.40206599235535,143.7,244.0,0.75,450,RAMP
214.5300657749176,143.7,244.0,0.75,450,RAMP
214.65206623077393,143.7,244.0,0.75,450,RAMP
214.81706953048706,143.7,244.0,0.75,450,RAMP
214.99403619766235,143.7,244.0,0.75,450,RAMP
215.19304013252258,143.8,244.0,0.75,450,RAMP
215.34206318855286,143.8,244.0,0.75,450,RAMP
215.4680655002594,143.8,244.0,0.75,450,RAMP
215.62706661224365,143.9,244.0,0.75,450,RAMP
215.77506303787231,143.9,244.0,0.75,450,RAMP
215.92003393173218,143.9,244.0,0.75,450,RAMP
216.0650613307953,144.0,244.0,0.75,450,RAMP
216.2550356388092,144.0,244.0,0.75,450,RAMP
216.44806694984436,144.1,244.0,0.75,450,RAMP
216.62307715415955,144.1,244.0,0.75,450,RAMP
216.77908372879028,144.3,244.0,0.75,450,RAMP
216.91107559204102,144.3,244.0,0.75,450,RAMP
217.05503678321838,144.3,244.0,0.75,450,RAMP
217.19803738594055,144.3,244.0,0.75,450,RAMP
217.34206342697144,144.3,244.0,0.75,450,RAMP
217.48703503608704,144.3,244.0,0.75,450,RAMP
217.62804126739502,145.5,244.0,0.75,450,RAMP
217.7990653514862,145.5,244.0,0.75,450,RAMP
217.97003889083862,145.8,244.0,0.75,450,RAMP
218.1090624332428,145.8,244.0,0.75,450,RAMP
218.23306560516357,145.8,244.0,0.75,450,RAMP
218.39307308197021,146.0,244.0,0.75,450,RAMP
218.53904151916504,146.0,244.0,0.75,450,RAMP
218.67503666877747,146.0,244.0,0.75,450,RAMP
218.81206679344177,146.3,244.0,0.75,450,RAMP
218.9400691986084,146.3,244.0,0.75,450,RAMP
219.0630669593811,146.3,244.0,0.75,450,RAMP
219.2380392551422,146.5,244.0,0.75,450,RAMP
219.40503549575806,146.5,244.0,0.75,450,RAMP
219.54407691955566,146.5,244.0,0.75,450,RAMP
219.6850655078888,146.5,244.0,0.75,450,RAMP
219.81906604766846,146.5,244.0,0.75,450,RAMP
219.96206879615784,146.6,244.0,0.75,450,RAMP
220.12303924560547,146.6,244.0,0.75,450,RAMP
220.2660367488861,146.6,244.0,0.75,450,RAMP
220.4100375175476,146.7,244.0,0.75,450,RAMP
220.55206656455994,146.7,244.0,0.75,450,RAMP
220.71208095550537,146.8,244.0,0.75,450,RAMP
220.8680658340454,146.8,244.0,0.75,450,RAMP
221.04706048965454,146.8,244.0,0.75,450,RAMP
221.18703722953796,146.9,244.0,0.75,450,RAMP
221.33607411384583,146.9,244.0,0.75,450,RAMP
221.48003888130188,146.9,244.0,0.75,450,RAMP
221.63506054878235,147.1,244.0,0.75,450,RAMP
221.76807498931885,147.1,244.0,0.75,450,RAMP
221.90504050254822,147.1,244.0,0.75,450,RAMP
222.08306074142456,147.1,244.0,0.75,450,RAMP
222.24606585502625,147.1,244.0,0.75,450,RAMP
222.40807795524597,148.2,244.0,0.75,450,RAMP
222.55103373527527,148.2,244.0,0.75,450,RAMP
222.6900405883789,148.2,244.0,0.75,450,RAMP
222.81806683540344,148.5,244.0,0.75,450,RAMP
222.9460723400116,148.5,244.0,0.75,450,RAMP
223.09106850624084,148.5,244.0,0.75,450,RAMP
223.22203874588013,148.7,244.0,0.75,450,RAMP
223.37203550338745,148.7,244.0,0.75,450,RAMP
223.57307362556458,148.9,244.0,0.75,450,RAMP
223.7290394306183,148.9,244.0,0.75,450,RAMP
223.87703680992126,148.9,244.0,0.75,450,RAMP
223.99704957008362,149.1,244.0,0.75,450,RAMP
224.1320652961731,149.1,244.0,0.75,450,RAMP
224.27303957939148,149.1,244.0,0.75,450,RAMP
224.4350666999817,149.1,244.0,0.75,450,RAMP
224.5590443611145,149.1,244.0,0.75,450,RAMP
224.6900932788849,149.1,244.0,0.75,450,RAMP
224.8340356349945,149.2,244.0,0.75,450,RAMP
224.9950704574585,149.2,244.0,0.75,450,RAMP
225.1530556678772,149.3,244.0,0.75,450,RAMP
225.28207349777222,149.3,244.0,0.75,450,RAMP
225.4260392189026,149.3,244.0,0.75,450,RAMP
225.5690679550171,149.4,244.0,0.75,450,RAMP
225.69707417488098,149.4,244.0,0.75,450,RAMP
225.83003878593445,149.4,244.0,0.75,450,RAMP
225.9700665473938,149.6,244.0,0.75,450,RAMP
226.10806846618652,149.6,244.0,0.75,450,RAMP
226.26806044578552,149.6,244.0,0.75,450,RAMP
226.44807243347168,149.7,244.0,0.75,450,RAMP
226.5930700302124,149.7,244.0,0.75,450,RAMP
226.73703360557556,149.7,244.0,0.75,450,RAMP
226.87906861305237,149.7,244.0,0.75,450,RAMP
227.00906252861023,149.7,244.0,0.75,450,RAMP
227.15206718444824,150.8,244.0,0.75,450,RAMP
227.27603888511658,150.8,244.0,0.75,450,RAMP
227.41203904151917,150.8,244.0,0.75,450,RAMP
227.55106019973755,151.0,244.0,0.75,450,RAMP
227.70203757286072,151.0,244.0,0.75,450,RAMP
227.8870689868927,151.0,244.0,0.75,450,RAMP
228.03103876113892,151.2,244.0,0.75,450,RAMP
228.17506790161133,151.2,244.0,0.75,450,RAMP
228.3230743408203,151.3,244.0,0.75,450,RAMP
228.4930613040924,151.3,244.0,0.75,450,RAMP
228.63803482055664,151.3,244.0,0.75,450,RAMP
228.78306436538696,151.6,244.0,0.75,450,RAMP
228.923082113266,151.6,244.0,0.75,450,RAMP
229.0820677280426,151.6,244.0,0.75,450,RAMP
229.262038230896,151.6,244.0,0.75,450,RAMP
229.4060664176941,151.6,244.0,0.75,450,RAMP
229.56506633758545,151.7,244.0,0.75,450,RAMP
229.70704245567322,151.7,244.0,0.75,450,RAMP
229.85303592681885,151.7,244.0,0.75,450,RAMP
229.99603629112244,151.8,244.0,0.75,450,RAMP
230.1290419101715,151.8,244.0,0.75,450,RAMP
230.26304960250854,151.8,244.0,0.75,450,RAMP
230.39007472991943,151.9,244.0,0.75,450,RAMP
230.56807041168213,151.9,244.0,0.75,450,RAMP
230.72603702545166,151.9,244.0,0.75,450,RAMP
230.8590452671051,152.0,244.0,0.75,450,RAMP
231.00106549263,152.0,244.0,0.75,450,RAMP
231.12604308128357,152.0,244.0,0.75,450,RAMP
231.2590892314911,152.2,244.0,0.75,450,RAMP
231.4010672569275,152.2,244.0,0.75,450,RAMP
231.52904272079468,152.2,244.0,0.75,450,RAMP
231.65804290771484,152.2,244.0,0.75,450,RAMP
231.7960455417633,152.2,244.0,0.75,450,RAMP
231.98906707763672,152.4,244.0,0.75,450,RAMP
232.1520791053772,152.4,244.0,0.75,450,RAMP
232.29608249664307,152.4,244.0,0.75,450,RAMP
232.43206548690796,152.6,244.0,0.75,450,RAMP
232.56903672218323,152.6,244.0,0.75,450,RAMP
232.70606923103333,152.6,244.0,0.75,450,RAMP
232.8400583267212,152.7,244.0,0.75,450,RAMP
232.9840795993805,152.7,244.0,0.75,450,RAMP
233.12307357788086,153.8,244.0,0.75,450,RAMP
233.29103636741638,153.8,244.0,0.75,450,RAMP
233.45906734466553,153.8,244.0,0.75,450,RAMP
233.60704064369202,154.0,244.0,0.75,450,RAMP
233.74503803253174,154.0,244.0,0.75,450,RAMP
233.87603521347046,154.0,244.0,0.75,450,RAMP
234.0060679912567,154.2,244.0,0.75,450,RAMP
234.14607214927673,154.2,244.0,0.75,450,RAMP
234.29503631591797,154.2,244.0,0.75,450,RAMP
234.44207000732422,154.3,244.0,0.75,450,RAMP
234.5800700187683,154.3,244.0,0.75,450,RAMP
234.72503519058228,154.6,244.0,0.75,450,RAMP
234.88506078720093,154.6,244.0,0.75,450,RAMP
235.02903985977173,154.6,244.0,0.75,450,RAMP
235.16803359985352,154.6,244.0,0.75,450,RAMP
235.31603360176086,154.6,244.0,0.75,450,RAMP
235.45803594589233,154.6,244.0,0.75,450,RAMP
235.58906650543213,154.6,244.0,0.75,450,RAMP
235.73306941986084,154.6,244.0,0.75,450,RAMP
235.886066198349,154.6,244.0,0.75,450,RAMP
236.06406712532043,154.7,244.0,0.75,450,RAMP
236.243061542511,154.7,244.0,0.75,450,RAMP
236.386066198349,154.7,244.0,0.75,450,RAMP
236.5250358581543,154.7,244.0,0.75,450,RAMP
236.6570382118225,154.7,244.0,0.75,450,RAMP
236.78603553771973,154.9,244.0,0.75,450,RAMP
236.92903804779053,154.9,244.0,0.75,450,RAMP
237.0750675201416,154.9,244.0,0.75,450,RAMP
237.21706795692444,155.0,244.0,0.75,450,RAMP
237.34003710746765,155.0,244.0,0.75,450,RAMP
237.5190668106079,155.2,244.0,0.75,450,RAMP
237.69606924057007,155.2,244.0,0.75,450,RAMP
237.84004426002502,155.2,244.0,0.75,450,RAMP
237.98403334617615,155.4,244.0,0.75,450,RAMP
238.11206197738647,155.4,244.0,0.75,450,RAMP
238.24007844924927,155.4,244.0,0.75,450,RAMP
238.38903832435608,155.6,244.0,0.75,450,RAMP
238.5230393409729,155.6,244.0,0.75,450,RAMP
238.66903424263,155.6,244.0,0.75,450,RAMP
238.84203720092773,156.7,244.0,0.75,450,RAMP
239.04106378555298,156.7,244.0,0.75,450,RAMP
239.21403646469116,156.9,244.0,0.75,450,RAMP
239.3580346107483,156.9,244.0,0.75,450,RAMP
239.48606514930725,156.9,244.0,0.75,450,RAMP
239.6140856742859,157.1,244.0,0.75,450,RAMP
239.75703811645508,157.1,244.0,0.75,450,RAMP
239.88507103919983,157.1,244.0,0.75,450,RAMP
240.0290765762329,157.3,244.0,0.75,450,RAMP
240.1560652256012,157.3,244.0,0.75,450,RAMP
240.34408617019653,157.5,244.0,0.75,450,RAMP
240.54607820510864,157.5,244.0,0.75,450,RAMP
240.69907069206238,157.5,244.0,0.75,450,RAMP
240.82903814315796,157.5,244.0,0.75,450,RAMP
240.97203826904297,157.5,244.0,0.75,450,RAMP
241.1160340309143,157.5,244.0,0.75,450,RAMP
241.2590663433075,157.5,244.0,0.75,450,RAMP
241.40206599235535,157.5,244.0,0.75,450,RAMP
241.54803371429443,157.6,244.0,0.75,450,RAMP
241.7630431652069,157.6,244.0,0.75,450,RAMP
241.94506239891052,157.8,244.0,0.75,450,RAMP
242.0850601196289,157.8,244.0,0.75,450,RAMP
242.2330665588379,157.8,244.0,0.75,450,RAMP
242.37908744812012,157.9,244.0,0.75,450,RAMP
242.52203583717346,157.9,244.0,0.75,450,RAMP
242.6660599708557,157.9,244.0,0.75,450,RAMP
242.7930624485016,158.1,244.0,0.75,450,RAMP
242.91806602478027,158.1,244.0,0.75,450,RAMP
243.11207818984985,158.1,244.0,0.75,450,RAMP
243.27106642723083,158.2,244.0,0.75,450,RAMP
243.40503573417664,158.2,244.0,0.75,450,RAMP
243.5450577735901,158.4,244.0,0.75,450,RAMP
243.68906617164612,158.4,244.0,0.75,450,RAMP
243.8360652923584,158.4,244.0,0.75,450,RAMP
243.97306966781616,158.6,244.0,0.75,450,RAMP
244.10306859016418,158.6,244.0,0.75,450,RAMP
244.24706554412842,158.6,244.0,0.75,450,RAMP
244.40206027030945,158.8,244.0,0.75,450,RAMP
244.54906582832336,158.8,244.0,0.75,450,RAMP
244.7430670261383,159.0,244.0,0.75,450,RAMP
244.89504051208496,159.0,244.0,0.75,450,RAMP
245.04706048965454,159.0,244.0,0.75,450,RAMP
245.19604992866516,160.1,244.0,0.75,450,RAMP
245.3490345478058,160.1,244.0,0.75,450,RAMP
245.4760673046112,160.1,244.0,0.75,450,RAMP
245.60307383537292,160.2,244.0,0.75,450,RAMP
245.74903917312622,160.2,244.0,0.75,450,RAMP
245.9190673828125,160.2,244.0,0.75,450,RAMP
246.11506152153015,160.2,244.0,0.75,450,RAMP
246.24506735801697,160.2,244.0,0.75,450,RAMP
246.3890380859375,160.8,244.0,0.75,450,RAMP
246.53103804588318,160.8,244.0,0.75,450,RAMP
246.67006611824036,160.8,244.0,0.75,450,RAMP
246.82006525993347,161.0,244.0,0.75,450,RAMP
246.96406722068787,161.0,244.0,0.75,450,RAMP
247.09008407592773,161.0,244.0,0.75,450,RAMP
247.21906995773315,161.2,244.0,0.75,450,RAMP
247.38906693458557,161.2,244.0,0.75,450,RAMP
247.56906604766846,161.2,244.0,0.75,450,RAMP
247.69706654548645,161.2,244.0,0.75,450,RAMP
247.82203578948975,161.2,244.0,0.75,450,RAMP
247.954035282135,161.3,244.0,0.75,450,RAMP
248.0810375213623,161.3,244.0,0.75,450,RAMP
248.22507119178772,161.3,244.0,0.75,450,RAMP
248.38606595993042,161.4,244.0,0.75,450,RAMP
248.5060670375824,161.4,244.0,0.75,450,RAMP
248.640052318573,161.4,244.0,0.75,450,RAMP
248.7680606842041,161.5,244.0,0.75,450,RAMP
248.92903804779053,161.5,244.0,0.75,450,RAMP
249.1160650253296,161.5,244.0,0.75,450,RAMP
249.24607276916504,161.7,244.0,0.75,450,RAMP
249.3700339794159,161.7,244.0,0.75,450,RAMP
249.5030653476715,161.7,244.0,0.75,450,RAMP
249.6620762348175,161.9,244.0,0.75,450,RAMP
249.813063621521,161.9,244.0,0.75,450,RAMP
249.95007181167603,162.0,244.0,0.75,450,RAMP
250.09503698349,162.0,244.0,0.75,450,RAMP
250.23506569862366,162.0,244.0,0.75,450,RAMP
250.40906357765198,162.2,244.0,0.75,450,RAMP
250.60607028007507,162.2,244.0,0.75,450,RAMP
250.75006675720215,162.2,244.0,0.75,450,RAMP
250.89303636550903,162.2,244.0,0.75,450,RAMP
251.0380356311798,162.2,244.0,0.75,450,RAMP
251.16406679153442,163.6,244.0,0.75,450,RAMP
251.29304718971252,163.6,244.0,0.75,450,RAMP
251.4320685863495,163.6,244.0,0.75,450,RAMP
251.57203483581543,163.8,244.0,0.75,450,RAMP
251.73506689071655,163.8,244.0,0.75,450,RAMP
251.89503717422485,163.8,244.0,0.75,450,RAMP
252.0760622024536,164.1,244.0,0.75,450,RAMP
252.19806027412415,164.1,244.0,0.75,450,RAMP
252.33906722068787,164.1,244.0,0.75,450,RAMP
252.4750416278839,164.3,244.0,0.75,450,RAMP
252.61906242370605,164.3,244.0,0.75,450,RAMP
252.76305103302002,164.6,244.0,0.75,450,RAMP
252.88907122612,164.6,244.0,0.75,450,RAMP
253.03103756904602,164.6,244.0,0.75,450,RAMP
253.16404151916504,164.6,244.0,0.75,450,RAMP
253.32006096839905,164.6,244.0,0.75,450,RAMP
253.51206970214844,164.6,244.0,0.75,450,RAMP
253.6560697555542,164.7,244.0,0.75,450,RAMP
253.80006885528564,164.7,244.0,0.75,450,RAMP
253.95303559303284,164.8,244.0,0.75,450,RAMP
254.08906626701355,164.8,244.0,0.75,450,RAMP
254.2330665588379,164.8,244.0,0.75,450,RAMP
254.37006163597107,164.9,244.0,0.75,450,RAMP
254.55006551742554,164.9,244.0,0.75,450,RAMP
254.6750693321228,164.9,244.0,0.75,450,RAMP
254.85206079483032,165.1,244.0,0.75,450,RAMP
255.0370683670044,165.1,244.0,0.75,450,RAMP
255.17506766319275,165.2,244.0,0.75,450,RAMP
255.3200659751892,165.2,244.0,0.75,450,RAMP
255.46306467056274,165.2,244.0,0.75,450,RAMP
255.60703897476196,165.2,244.0,0.75,450,RAMP
255.76207637786865,165.2,244.0,0.75,450,RAMP
255.89306664466858,165.2,244.0,0.75,450,RAMP
256.01706528663635,166.4,244.0,0.75,450,RAMP
256.17706656455994,166.4,244.0,0.75,450,RAMP
256.39006447792053,166.6,244.0,0.75,450,RAMP
256.53303384780884,166.6,244.0,0.75,450,RAMP
256.67606687545776,166.6,244.0,0.75,450,RAMP
256.87908005714417,166.9,244.0,0.75,450,RAMP
257.01204228401184,166.9,244.0,0.75,450,RAMP
257.14106798171997,166.9,244.0,0.75,450,RAMP
257.2650656700134,167.1,244.0,0.75,450,RAMP
257.3970708847046,167.1,244.0,0.75,450,RAMP
257.5390684604645,167.3,244.0,0.75,450,RAMP
257.7130708694458,167.3,244.0,0.75,450,RAMP
257.865065574646,167.3,244.0,0.75,450,RAMP
258.0150668621063,167.3,244.0,0.75,450,RAMP
258.1630437374115,167.3,244.0,0.75,450,RAMP
258.3080689907074,167.3,244.0,0.75,450,RAMP
258.44609546661377,167.4,244.0,0.75,450,RAMP
258.5820610523224,167.4,244.0,0.75,450,RAMP
258.7230656147003,167.4,244.0,0.75,450,RAMP
258.88103723526,167.6,244.0,0.75,450,RAMP
259.0260365009308,167.6,244.0,0.75,450,RAMP
259.1710352897644,167.7,244.0,0.75,450,RAMP
259.3240382671356,167.7,244.0,0.75,450,RAMP
259.5210337638855,167.7,244.0,0.75,450,RAMP
259.66207218170166,167.9,244.0,0.75,450,RAMP
259.7970657348633,167.9,244.0,0.75,450,RAMP
259.9360544681549,168.1,244.0,0.75,450,RAMP
260.07907342910767,168.1,244.0,0.75,450,RAMP
260.2250397205353,168.1,244.0,0.75,450,RAMP
260.37203550338745,168.1,244.0,0.75,450,RAMP
260.5070421695709,168.1,244.0,0.75,450,RAMP
260.6660611629486,168.1,244.0,0.75,450,RAMP
260.8300428390503,169.3,244.0,0.75,450,RAMP
260.9910705089569,169.3,244.0,0.75,450,RAMP
261.13503527641296,169.3,244.0,0.75,450,RAMP
261.2750680446625,169.4,244.0,0.75,450,RAMP
261.40606665611267,169.4,244.0,0.75,450,RAMP
261.55006551742554,169.7,244.0,0.75,450,RAMP
261.7100374698639,169.7,244.0,0.75,450,RAMP
261.8320665359497,169.7,244.0,0.75,450,RAMP
261.9600682258606,169.9,244.0,0.75,450,RAMP
262.13803482055664,169.9,244.0,0.75,450,RAMP
262.311066865921,170.2,244.0,0.75,450,RAMP
262.49206829071045,170.2,244.0,0.75,450,RAMP
262.6250672340393,170.2,244.0,0.75,450,RAMP
262.7650375366211,170.2,244.0,0.75,450,RAMP
262.9230737686157,170.2,244.0,0.75,450,RAMP
263.0480604171753,170.2,244.0,0.75,450,RAMP
263.1740708351135,170.2,244.0,0.75,450,RAMP
263.30806183815,170.2,244.0,0.75,450,RAMP
263.4510612487793,170.2,244.0,0.75,450,RAMP
263.6390380859375,170.3,244.0,0.75,450,RAMP
263.8350660800934,170.3,244.0,0.75,450,RAMP
263.9960377216339,170.4,244.0,0.75,450,RAMP
264.1390690803528,170.4,244.0,0.75,450,RAMP
264.2830665111542,170.4,244.0,0.75,450,RAMP
264.4250683784485,170.5,244.0,0.75,450,RAMP
264.55403566360474,170.5,244.0,0.75,450,RAMP
264.693067073822,170.5,244.0,0.75,450,RAMP
264.8200659751892,170.7,244.0,0.75,450,RAMP
265.01706528663635,170.7,244.0,0.75,450,RAMP
265.17606806755066,170.7,244.0,0.75,450,RAMP
265.32203936576843,170.7,244.0,0.75,450,RAMP
265.4630501270294,170.7,244.0,0.75,450,RAMP
265.59203839302063,170.9,244.0,0.75,450,RAMP
265.72006845474243,170.9,244.0,0.75,450,RAMP
265.8640675544739,170.9,244.0,0.75,450,RAMP
265.9960732460022,171.1,244.0,0.75,450,RAMP
266.13506603240967,171.1,244.0,0.75,450,RAMP
266.2790367603302,171.1,244.0,0.75,450,RAMP
266.41803336143494,172.1,244.0,0.75,450,RAMP
266.5950677394867,172.1,244.0,0.75,450,RAMP
266.7420723438263,172.1,244.0,0.75,450,RAMP
266.8690655231476,172.2,244.0,0.75,450,RAMP
267.0130383968353,172.2,244.0,0.75,450,RAMP
267.14206314086914,172.2,244.0,0.75,450,RAMP
267.2700352668762,172.4,244.0,0.75,450,RAMP
267.4150652885437,172.4,244.0,0.75,450,RAMP
267.55803632736206,172.6,244.0,0.75,450,RAMP
267.6970388889313,172.6,244.0,0.75,450,RAMP
267.88706636428833,172.6,244.0,0.75,450,RAMP
268.08406043052673,172.8,244.0,0.75,450,RAMP
268.21306824684143,172.8,244.0,0.75,450,RAMP
268.3560645580292,172.8,244.0,0.75,450,RAMP
268.50106549263,172.8,244.0,0.75,450,RAMP
268.63803577423096,172.8,244.0,0.75,450,RAMP
268.77306938171387,172.9,244.0,0.75,450,RAMP
268.91207695007324,172.9,244.0,0.75,450,RAMP
269.03906655311584,172.9,244.0,0.75,450,RAMP
269.20403504371643,173.0,244.0,0.75,450,RAMP
269.4030570983887,173.0,244.0,0.75,450,RAMP
269.5390377044678,173.1,244.0,0.75,450,RAMP
269.6820614337921,173.1,244.0,0.75,450,RAMP
269.8250639438629,173.1,244.0,0.75,450,RAMP
269.9710350036621,173.1,244.0,0.75,450,RAMP
270.1110670566559,173.1,244.0,0.75,450,RAMP
270.2470602989197,173.1,244.0,0.75,450,RAMP
270.3830671310425,174.2,244.0,0.75,450,RAMP
270.5730836391449,174.2,244.0,0.75,450,RAMP
270.7690682411194,174.4,244.0,0.75,450,RAMP
270.96206521987915,174.4,244.0,0.75,450,RAMP
271.10306119918823,174.4,244.0,0.75,450,RAMP
271.2480659484863,174.5,244.0,0.75,450,RAMP
271.4560670852661,174.5,244.0,0.75,450,RAMP
271.5890669822693,174.7,244.0,0.75,450,RAMP
271.7230751514435,174.7,244.0,0.75,450,RAMP
271.856068611145,174.7,244.0,0.75,450,RAMP
271.9990339279175,174.8,244.0,0.75,450,RAMP
272.15703678131104,174.8,244.0,0.75,450,RAMP
272.33105540275574,174.8,244.0,0.75,450,RAMP
272.47909283638,174.8,244.0,0.75,450,RAMP
272.6320652961731,174.8,244.0,0.75,450,RAMP
272.78206610679626,174.9,244.0,0.75,450,RAMP
272.92006039619446,174.9,244.0,0.75,450,RAMP
273.0520656108856,174.9,244.0,0.75,450,RAMP
273.18006682395935,175.0,244.0,0.75,450,RAMP
273.32006072998047,175.0,244.0,0.75,450,RAMP
273.49106764793396,175.0,244.0,0.75,450,RAMP
273.67603635787964,175.1,244.0,0.75,450,RAMP
273.88406586647034,175.1,244.0,0.75,450,RAMP
274.0350658893585,175.2,244.0,0.75,450,RAMP
274.1660737991333,175.2,244.0,0.75,450,RAMP
274.3150677680969,175.2,244.0,0.75,450,RAMP
274.45806789398193,175.4,244.0,0.75,450,RAMP
274.60804080963135,175.4,244.0,0.75,450,RAMP
274.7530333995819,175.4,244.0,0.75,450,RAMP
274.90307092666626,175.4,244.0,0.75,450,RAMP
275.04605627059937,175.4,244.0,0.75,450,RAMP
275.24203515052795,176.6,244.0,0.75,450,RAMP
275.3690609931946,176.6,244.0,0.75,450,RAMP
275.49708247184753,176.6,244.0,0.75,450,RAMP
275.6260392665863,176.8,244.0,0.75,450,RAMP
275.76906657218933,176.8,244.0,0.75,450,RAMP
275.8920361995697,176.8,244.0,0.75,450,RAMP
276.04006695747375,177.0,244.0,0.75,450,RAMP
276.16806650161743,177.0,244.0,0.75,450,RAMP
276.295037984848,177.0,244.0,0.75,450,RAMP
276.4620592594147,177.3,244.0,0.75,450,RAMP
276.6430389881134,177.3,244.0,0.75,450,RAMP
276.78803610801697,177.6,244.0,0.75,450,RAMP
276.9420397281647,177.6,244.0,0.75,450,RAMP
277.07907247543335,177.6,244.0,0.75,450,RAMP
277.20604395866394,177.6,244.0,0.75,450,RAMP
277.3410704135895,177.6,244.0,0.75,450,RAMP
277.4790723323822,177.6,244.0,0.75,450,RAMP
277.6020691394806,177.7,244.0,0.75,450,RAMP
277.74706625938416,177.7,244.0,0.75,450,RAMP
277.9260666370392,177.8,244.0,0.75,450,RAMP
278.0860667228699,177.8,244.0,0.75,450,RAMP
278.2460398674011,177.8,244.0,0.75,450,RAMP
278.3910400867462,177.9,244.0,0.75,450,RAMP
278.53206849098206,177.9,244.0,0.75,450,RAMP
278.69206738471985,177.9,244.0,0.75,450,RAMP
278.8360662460327,178.0,244.0,0.75,450,RAMP
278.98206067085266,178.0,244.0,0.75,450,RAMP
279.126038312912,178.2,244.0,0.75,450,RAMP
279.3320653438568,178.2,244.0,0.75,450,RAMP
279.49207162857056,178.2,244.0,0.75,450,RAMP
279.62007093429565,178.2,244.0,0.75,450,RAMP
279.76906657218933,178.2,244.0,0.75,450,RAMP
279.9060707092285,178.2,244.0,0.75,450,RAMP
280.0350661277771,179.3,244.0,0.75,450,RAMP
280.1790702342987,179.3,244.0,0.75,450,RAMP
280.3190658092499,179.3,244.0,0.75,450,RAMP
280.46104073524475,179.5,244.0,0.75,450,RAMP
280.5930709838867,179.5,244.0,0.75,450,RAMP
280.7390670776367,179.7,244.0,0.75,450,RAMP
280.91306591033936,179.7,244.0,0.75,450,RAMP
281.0560772418976,179.7,244.0,0.75,450,RAMP
281.18606972694397,179.9,244.0,0.75,450,RAMP
281.3290386199951,179.9,244.0,0.75,450,RAMP
281.4700663089752,179.9,244.0,0.75,450,RAMP
281.61706137657166,180.0,244.0,0.75,450,RAMP
281.7680666446686,180.0,244.0,0.75,450,RAMP
281.90403485298157,180.0,244.0,0.75,450,RAMP
282.0430676937103,180.0,244.0,0.75,450,RAMP
282.23406076431274,180.0,244.0,0.75,450,RAMP
282.399041891098,180.1,244.0,0.75,450,RAMP
282.55904030799866,180.1,244.0,0.75,450,RAMP
282.70207238197327,180.1,244.0,0.75,450,RAMP
282.8470678329468,180.2,244.0,0.75,450,RAMP
282.99103832244873,180.2,244.0,0.75,450,RAMP
283.1360652446747,180.2,244.0,0.75,450,RAMP
283.27404403686523,180.3,244.0,0.75,450,RAMP
283.41806054115295,180.3,244.0,0.75,450,RAMP
283.5620393753052,180.4,244.0,0.75,450,RAMP
283.73903799057007,180.4,244.0,0.75,450,RAMP
283.91606044769287,180.4,244.0,0.75,450,RAMP
284.06207180023193,180.6,244.0,0.75,450,RAMP
284.2050359249115,180.6,244.0,0.75,450,RAMP
284.34906554222107,180.6,244.0,0.75,450,RAMP
284.50103974342346,180.6,244.0,0.75,450,RAMP
284.65306544303894,180.6,244.0,0.75,450,RAMP
284.7970666885376,180.8,244.0,0.75,450,RAMP
284.99106764793396,180.8,244.0,0.75,450,RAMP
285.1650393009186,181.0,244.0,0.75,450,RAMP
285.30806708335876,181.0,244.0,0.75,450,RAMP
285.43406653404236,181.0,244.0,0.75,450,RAMP
285.56403732299805,182.0,244.0,0.75,450,RAMP
285.71906542778015,182.0,244.0,0.75,450,RAMP
285.8450620174408,182.0,244.0,0.75,450,RAMP
285.98506712913513,182.3,244.0,0.75,450,RAMP
286.12203764915466,182.3,244.0,0.75,450,RAMP
286.2640357017517,182.3,244.0,0.75,450,RAMP
286.42103576660156,182.5,244.0,0.75,450,RAMP
286.6340365409851,182.5,244.0,0.75,450,RAMP
286.7570378780365,182.7,244.0,0.75,450,RAMP
286.9330334663391,182.7,244.0,0.75,450,RAMP
287.0650632381439,182.7,244.0,0.75,450,RAMP
287.209037065506,182.9,244.0,0.75,450,RAMP
287.3640339374542,182.9,244.0,0.75,450,RAMP
287.487033367157,182.9,244.0,0.75,450,RAMP
287.6240677833557,182.9,244.0,0.75,450,RAMP
287.75303626060486,182.9,244.0,0.75,450,RAMP
287.9020357131958,182.9,244.0,0.75,450,RAMP
288.07203555107117,183.0,244.0,0.75,450,RAMP
288.22706174850464,183.0,244.0,0.75,450,RAMP
288.37907552719116,183.1,244.0,0.75,450,RAMP
288.55106949806213,183.1,244.0,0.75,450,RAMP
288.70607352256775,183.1,244.0,0.75,450,RAMP
288.85607409477234,183.2,244.0,0.75,450,RAMP
289.0090363025665,183.2,244.0,0.75,450,RAMP
289.14204025268555,183.2,244.0,0.75,450,RAMP
289.28107380867004,183.2,244.0,0.75,450,RAMP
289.4470646381378,183.2,244.0,0.75,450,RAMP
289.59707713127136,183.4,244.0,0.75,450,RAMP
289.7320668697357,183.4,244.0,0.75,450,RAMP
289.8620398044586,183.4,244.0,0.75,450,RAMP
290.010071516037,183.5,244.0,0.75,450,RAMP
290.1490659713745,183.5,244.0,0.75,450,RAMP
290.2920424938202,183.5,244.0,0.75,450,RAMP
290.4220356941223,184.6,244.0,0.75,450,RAMP
290.5640661716461,184.6,244.0,0.75,450,RAMP
290.7250373363495,184.8,244.0,0.75,450,RAMP
290.906037569046,184.8,244.0,0.75,450,RAMP
291.0420620441437,184.8,244.0,0.75,450,RAMP
291.16706681251526,184.9,244.0,0.75,450,RAMP
291.3480656147003,184.9,244.0,0.75,450,RAMP
291.4760663509369,184.9,244.0,0.75,450,RAMP
291.6080687046051,185.2,244.0,0.75,450,RAMP
291.7630639076233,185.2,244.0,0.75,450,RAMP
291.91206884384155,185.2,244.0,0.75,450,RAMP
292.0490732192993,185.4,244.0,0.75,450,RAMP
292.2100667953491,185.4,244.0,0.75,450,RAMP
292.369065284729,185.4,244.0,0.75,450,RAMP
292.4980685710907,185.4,244.0,0.75,450,RAMP
292.6410708427429,185.4,244.0,0.75,450,RAMP
292.7800669670105,185.4,244.0,0.75,450,RAMP
292.9190661907196,185.4,244.0,0.75,450,RAMP
293.0570731163025,185.4,244.0,0.75,450,RAMP
293.19603848457336,185.6,244.0,0.75,450,RAMP
293.3440639972687,185.6,244.0,0.75,450,RAMP
293.5510609149933,185.7,244.0,0.75,450,RAMP
293.70806312561035,185.7,244.0,0.75,450,RAMP
293.8880362510681,185.7,244.0,0.75,450,RAMP
294.0400376319885,185.7,244.0,0.75,450,RAMP
294.1750679016113,185.7,244.0,0.75,450,RAMP
294.32006430625916,185.7,244.0,0.75,450,RAMP
294.46306586265564,185.9,244.0,0.75,450,RAMP
294.60608077049255,185.9,244.0,0.75,450,RAMP
294.72907423973083,185.9,244.0,0.75,450,RAMP
294.8580672740936,186.1,244.0,0.75,450,RAMP
295.0220351219177,186.1,244.0,0.75,450,RAMP
295.19304871559143,186.3,244.0,0.75,450,RAMP
295.38706040382385,186.3,244.0,0.75,450,RAMP
295.5160663127899,186.3,244.0,0.75,450,RAMP
295.66203570365906,186.4,244.0,0.75,450,RAMP
295.8100674152374,186.4,244.0,0.75,450,RAMP
295.94906544685364,186.6,244.0,0.75,450,RAMP
296.0920674800873,186.6,244.0,0.75,450,RAMP
296.2200651168823,186.6,244.0,0.75,450,RAMP
296.36506628990173,186.8,244.0,0.75,450,RAMP
296.5320339202881,186.8,244.0,0.75,450,RAMP
296.7000606060028,186.8,244.0,0.75,450,RAMP
296.8390517234802,187.0,244.0,0.75,450,RAMP
296.96903443336487,187.0,244.0,0.75,450,RAMP
297.09706711769104,187.0,244.0,0.75,450,RAMP
297.22606801986694,188.1,244.0,0.75,450,RAMP
297.3710355758667,188.1,244.0,0.75,450,RAMP
297.5110733509064,188.1,244.0,0.75,450,RAMP
297.6580367088318,188.1,244.0,0.75,450,RAMP
297.81325912475586,188.1,244.0,0.75,450,RAMP
298.0042552947998,188.4,244.0,0.75,450,RAMP
298.1682553291321,188.4,244.0,0.75,450,RAMP
298.3132562637329,188.4,244.0,0.75,450,RAMP
298.46125745773315,188.5,244.0,0.75,450,RAMP
298.6162555217743,188.5,244.0,0.75,450,RAMP
298.75626373291016,188.5,244.0,0.75,450,RAMP
298.90425753593445,188.5,244.0,0.75,450,RAMP
299.04825711250305,188.5,244.0,0.75,450,RAMP
299.19026041030884,188.9,244.0,0.75,450,RAMP
299.3612570762634,188.9,244.0,0.75,450,RAMP
299.5112888813019,188.9,244.0,0.75,450,RAMP
299.6462604999542,188.9,244.0,0.75,450,RAMP
299.7832555770874,188.9,244.0,0.75,450,RAMP
299.92629647254944,188.9,244.0,0.75,450,RAMP
300.0522561073303,188.9,244.0,0.75,450,RAMP
300.1812560558319,188.9,244.0,0.75,450,RAMP
300.32625699043274,188.9,244.0,0.75,450,RAMP
300.4652557373047,189.0,244.0,0.75,450,RAMP
300.64025950431824,189.0,244.0,0.75,450,RAMP
300.8162565231323,189.1,244.0,0.75,450,RAMP
300.9812562465668,189.1,244.0,0.75,450,RAMP
301.12028980255127,189.1,244.0,0.75,450,RAMP
301.27025628089905,189.2,244.0,0.75,450,RAMP
301.4122588634491,189.2,244.0,0.75,450,RAMP
301.56825494766235,189.4,244.0,0.75,450,RAMP
301.7162573337555,189.4,244.0,0.75,450,RAMP
301.8642587661743,189.4,244.0,0.75,450,RAMP
302.0302641391754,189.5,244.0,0.75,450,RAMP
302.2222578525543,189.5,244.0,0.75,450,RAMP
302.4032549858093,189.7,244.0,0.75,450,RAMP
302.54225754737854,189.7,244.0,0.75,450,RAMP
302.6702551841736,189.7,244.0,0.75,450,RAMP
302.80325531959534,189.8,244.0,0.75,450,RAMP
302.92525720596313,189.8,244.0,0.75,450,RAMP
303.0742573738098,189.8,244.0,0.75,450,RAMP
303.21425580978394,190.9,244.0,0.75,450,RAMP
303.3592884540558,190.9,244.0,0.75,450,RAMP
303.548255443573,190.9,244.0,0.75,450,RAMP
303.7412586212158,190.9,244.0,0.75,450,RAMP
303.88925647735596,190.9,244.0,0.75,450,RAMP
304.0332555770874,191.2,244.0,0.75,450,RAMP
304.17125511169434,191.2,244.0,0.75,450,RAMP
304.32025504112244,191.2,244.0,0.75,450,RAMP
304.44825553894043,191.4,244.0,0.75,450,RAMP
304.5822560787201,191.4,244.0,0.75,450,RAMP
304.7202591896057,191.4,244.0,0.75,450,RAMP
304.85825753211975,191.6,244.0,0.75,450,RAMP
305.0522549152374,191.6,244.0,0.75,450,RAMP
305.2302875518799,191.8,244.0,0.75,450,RAMP
305.359258890152,191.8,244.0,0.75,450,RAMP
305.4982554912567,191.8,244.0,0.75,450,RAMP
305.62925934791565,191.8,244.0,0.75,450,RAMP
305.7862548828125,191.8,244.0,0.75,450,RAMP
305.9352550506592,191.8,244.0,0.75,450,RAMP
306.074257850647,191.9,244.0,0.75,450,RAMP
306.2052581310272,191.9,244.0,0.75,450,RAMP
306.3852548599243,192.0,244.0,0.75,450,RAMP
306.5682554244995,192.0,244.0,0.75,450,RAMP
306.730260848999,192.0,244.0,0.75,450,RAMP
306.88825607299805,192.1,244.0,0.75,450,RAMP
307.03625535964966,192.1,244.0,0.75,450,RAMP
307.1632914543152,192.3,244.0,0.75,450,RAMP
307.29825592041016,192.3,244.0,0.75,450,RAMP
307.43625497817993,192.3,244.0,0.75,450,RAMP
307.57929515838623,193.4,244.0,0.75,450,RAMP
307.71925497055054,193.4,244.0,0.75,450,RAMP
307.92225909233093,193.4,244.0,0.75,450,RAMP
308.0742588043213,193.6,244.0,0.75,450,RAMP
308.25225496292114,193.6,244.0,0.75,450,RAMP
308.39125990867615,193.6,244.0,0.75,450,RAMP
308.53825640678406,193.6,244.0,0.75,450,RAMP
308.66525769233704,193.6,244.0,0.75,450,RAMP
308.80928921699524,194.0,244.0,0.75,450,RAMP
308.9492554664612,194.0,244.0,0.75,450,RAMP
309.08125734329224,194.0,244.0,0.75,450,RAMP
309.2002549171448,194.2,244.0,0.75,450,RAMP
309.3642883300781,194.2,244.0,0.75,450,RAMP
309.52425813674927,194.3,244.0,0.75,450,RAMP
309.7222571372986,194.3,244.0,0.75,450,RAMP
309.8642575740814,194.3,244.0,0.75,450,RAMP
310.00825691223145,194.3,244.0,0.75,450,RAMP
310.15225529670715,194.3,244.0,0.75,450,RAMP
310.2802572250366,194.3,244.0,0.75,450,RAMP
310.43925762176514,194.3,244.0,0.75,450,RAMP
310.5792601108551,194.3,244.0,0.75,450,RAMP
310.75425577163696,194.4,244.0,0.75,450,RAMP
310.9632692337036,194.4,244.0,0.75,450,RAMP
311.1582581996918,194.5,244.0,0.75,450,RAMP
311.3132600784302,194.5,244.0,0.75,450,RAMP
311.44526171684265,194.5,244.0,0.75,450,RAMP
311.5742778778076,194.6,244.0,0.75,450,RAMP
311.7142560482025,194.6,244.0,0.75,450,RAMP
311.8622581958771,194.6,244.0,0.75,450,RAMP
312.00325536727905,194.8,244.0,0.75,450,RAMP
312.13125681877136,194.8,244.0,0.75,450,RAMP
312.28925681114197,194.8,244.0,0.75,450,RAMP
312.4702877998352,194.9,244.0,0.75,450,RAMP
312.61226081848145,194.9,244.0,0.75,450,RAMP
312.75626277923584,195.1,244.0,0.75,450,RAMP
312.90025520324707,195.1,244.0,0.75,450,RAMP
313.029257774353,195.1,244.0,0.75,450,RAMP
313.17125511169434,195.1,244.0,0.75,450,RAMP
313.3132572174072,195.1,244.0,0.75,450,RAMP
313.44225692749023,195.1,244.0,0.75,450,RAMP
313.63225507736206,196.2,244.0,0.75,450,RAMP
313.7942581176758,196.2,244.0,0.75,450,RAMP
313.94625973701477,196.2,244.0,0.75,450,RAMP
314.0812575817108,196.3,244.0,0.75,450,RAMP
314.21625542640686,196.3,244.0,0.75,450,RAMP
314.3552896976471,196.6,244.0,0.75,450,RAMP
314.4972879886627,196.6,244.0,0.75,450,RAMP
314.61625599861145,196.6,244.0,0.75,450,RAMP
314.7582564353943,197.0,244.0,0.75,450,RAMP
314.90825843811035,197.0,244.0,0.75,450,RAMP
315.0562651157379,197.0,244.0,0.75,450,RAMP
315.22326016426086,197.2,244.0,0.75,450,RAMP
315.3592572212219,197.2,244.0,0.75,450,RAMP
315.50325655937195,197.2,244.0,0.75,450,RAMP
315.66525888442993,197.2,244.0,0.75,450,RAMP
315.7922580242157,197.2,244.0,0.75,450,RAMP
315.9302830696106,197.2,244.0,0.75,450,RAMP
316.06325602531433,197.2,244.0,0.75,450,RAMP
316.2062599658966,197.2,244.0,0.75,450,RAMP
316.3512554168701,197.3,244.0,0.75,450,RAMP
316.507262468338,197.3,244.0,0.75,450,RAMP
316.6712558269501,197.3,244.0,0.75,450,RAMP
316.8142912387848,197.4,244.0,0.75,450,RAMP
316.94328784942627,197.4,244.0,0.75,450,RAMP
317.0872554779053,197.4,244.0,0.75,450,RAMP
317.23027324676514,197.5,244.0,0.75,450,RAMP
317.3733055591583,197.5,244.0,0.75,450,RAMP
317.50125527381897,197.5,244.0,0.75,450,RAMP
317.6412584781647,197.7,244.0,0.75,450,RAMP
317.801255941391,197.7,244.0,0.75,450,RAMP
317.9282579421997,197.7,244.0,0.75,450,RAMP
318.126259803772,197.7,244.0,0.75,450,RAMP
318.2692551612854,197.7,244.0,0.75,450,RAMP
318.41225695610046,198.8,244.0,0.75,450,RAMP
318.5562674999237,198.8,244.0,0.75,450,RAMP
318.7002556324005,198.8,244.0,0.75,450,RAMP
318.84029245376587,198.9,244.0,0.75,450,RAMP
318.97025513648987,198.9,244.0,0.75,450,RAMP
319.11525559425354,198.9,244.0,0.75,450,RAMP
319.27526092529297,199.1,244.0,0.75,450,RAMP
319.4402594566345,199.1,244.0,0.75,450,RAMP
319.57725715637207,199.3,244.0,0.75,450,RAMP
319.7372555732727,199.3,244.0,0.75,450,RAMP
319.86425733566284,199.3,244.0,0.75,450,RAMP
320.02525806427,199.5,244.0,0.75,450,RAMP
320.16925597190857,199.5,244.0,0.75,450,RAMP
320.3132565021515,199.5,244.0,0.75,450,RAMP
320.4632611274719,199.5,244.0,0.75,450,RAMP
320.60225558280945,199.5,244.0,0.75,450,RAMP
320.7832553386688,199.6,244.0,0.75,450,RAMP
320.96925616264343,199.6,244.0,0.75,450,RAMP
321.10828924179077,199.6,244.0,0.75,450,RAMP
321.2392873764038,199.7,244.0,0.75,450,RAMP
321.38125705718994,199.7,244.0,0.75,450,RAMP
321.5082607269287,199.7,244.0,0.75,450,RAMP
321.6352548599243,199.8,244.0,0.75,450,RAMP
321.76425647735596,199.8,244.0,0.75,450,RAMP
321.89426040649414,199.8,244.0,0.75,450,RAMP
322.03825664520264,199.9,244.0,0.75,450,RAMP
322.2102885246277,199.9,244.0,0.75,450,RAMP
322.42225909233093,200.1,244.0,0.75,450,RAMP
322.5672550201416,200.1,244.0,0.75,450,RAMP
322.71026158332825,200.1,244.0,0.75,450,RAMP
322.85328698158264,200.1,244.0,0.75,450,RAMP
322.98125863075256,200.1,244.0,0.75,450,RAMP
323.1252579689026,200.1,244.0,0.75,450,RAMP
323.26825523376465,201.1,244.0,0.75,450,RAMP
323.3972580432892,201.1,244.0,0.75,450,RAMP
323.552255153656,201.2,244.0,0.75,450,RAMP
323.72926783561707,201.2,244.0,0.75,450,RAMP
323.90825724601746,201.2,244.0,0.75,450,RAMP
324.05325531959534,201.3,244.0,0.75,450,RAMP
324.19529581069946,201.3,244.0,0.75,450,RAMP
324.32128739356995,201.3,244.0,0.75,450,RAMP
324.45025658607483,201.5,244.0,0.75,450,RAMP
324.5942587852478,201.5,244.0,0.75,450,RAMP
324.7242593765259,201.5,244.0,0.75,450,RAMP
324.88225507736206,201.5,244.0,0.75,450,RAMP
325.0392575263977,201.5,244.0,0.75,450,RAMP
325.21325731277466,201.5,244.0,0.75,450,RAMP
325.41125774383545,201.5,244.0,0.75,450,RAMP
325.55425548553467,201.5,244.0,0.75,450,RAMP
325.69825649261475,201.5,244.0,0.75,450,RAMP
325.84125804901123,201.5,244.0,0.75,450,RAMP
325.96825528144836,201.6,244.0,0.75,450,RAMP
326.0962755680084,201.6,244.0,0.75,450,RAMP
326.2212870121002,201.6,244.0,0.75,450,RAMP
326.3474278450012,201.7,244.0,0.75,450,RAMP
326.525429725647,201.7,244.0,0.75,450,RAMP
326.68842911720276,201.7,244.0,0.75,450,RAMP
326.8324272632599,201.8,244.0,0.75,450,RAMP
326.9924294948578,201.8,244.0,0.75,450,RAMP
327.13645935058594,201.8,244.0,0.75,450,RAMP
327.2904403209686,202.0,244.0,0.75,450,RAMP
327.4254322052002,202.0,244.0,0.75,450,RAMP
327.5684275627136,202.0,244.0,0.75,450,RAMP
327.7064344882965,202.0,244.0,0.75,450,RAMP
327.8814284801483,202.0,244.0,0.75,450,RAMP
328.04643034935,203.0,244.0,0.75,450,RAMP
328.2034275531769,203.0,244.0,0.75,450,RAMP
328.33146047592163,203.0,244.0,0.75,450,RAMP
328.46243047714233,203.2,244.0,0.75,450,RAMP
328.6054301261902,203.2,244.0,0.75,450,RAMP
328.74942803382874,203.2,244.0,0.75,450,RAMP
328.87842988967896,203.4,244.0,0.75,450,RAMP
329.01842737197876,203.4,244.0,0.75,450,RAMP
329.19343066215515,203.7,244.0,0.75,450,RAMP
329.35643339157104,203.7,244.0,0.75,450,RAMP
329.51642775535583,203.7,244.0,0.75,450,RAMP
329.6564373970032,203.8,244.0,0.75,450,RAMP
329.8354275226593,203.8,244.0,0.75,450,RAMP
329.97842955589294,203.8,244.0,0.75,450,RAMP
330.105432510376,203.8,244.0,0.75,450,RAMP
330.23346185684204,203.8,244.0,0.75,450,RAMP
330.35842990875244,203.8,244.0,0.75,450,RAMP
330.50346207618713,203.8,244.0,0.75,450,RAMP
330.6614453792572,203.8,244.0,0.75,450,RAMP
330.8394339084625,203.9,244.0,0.75,450,RAMP
330.99043321609497,203.9,244.0,0.75,450,RAMP
331.13043570518494,203.9,244.0,0.75,450,RAMP
331.27443194389343,204.0,244.0,0.75,450,RAMP
331.4184274673462,204.0,244.0,0.75,450,RAMP
331.5644392967224,204.2,244.0,0.75,450,RAMP
331.71342945098877,204.2,244.0,0.75,450,RAMP
331.8494279384613,204.2,244.0,0.75,450,RAMP
332.00242733955383,204.3,244.0,0.75,450,RAMP
332.16542983055115,204.3,244.0,0.75,450,RAMP
332.3024272918701,204.3,244.0,0.75,450,RAMP
332.44143056869507,204.3,244.0,0.75,450,RAMP
332.5854277610779,204.3,244.0,0.75,450,RAMP
332.74342942237854,204.3,244.0,0.75,450,RAMP
332.8684275150299,204.4,244.0,0.75,450,RAMP
333.0144283771515,204.4,244.0,0.75,450,RAMP
333.15646600723267,204.6,244.0,0.75,450,RAMP
333.30242800712585,204.6,244.0,0.75,450,RAMP
333.4414310455322,204.6,244.0,0.75,450,RAMP
333.6214277744293,204.8,244.0,0.75,450,RAMP
333.7664272785187,204.8,244.0,0.75,450,RAMP
333.91642904281616,204.8,244.0,0.75,450,RAMP
334.0524277687073,205.0,244.0,0.75,450,RAMP
334.1814293861389,205.0,244.0,0.75,450,RAMP
334.32642936706543,205.0,244.0,0.75,450,RAMP
334.47042751312256,205.1,244.0,0.75,450,RAMP
334.6244304180145,205.1,244.0,0.75,450,RAMP
334.82743215560913,206.2,244.0,0.75,450,RAMP
334.9794337749481,206.2,244.0,0.75,450,RAMP
335.1204288005829,206.2,244.0,0.75,450,RAMP
335.26842737197876,206.5,244.0,0.75,450,RAMP
335.4254341125488,206.5,244.0,0.75,450,RAMP
335.55342745780945,206.5,244.0,0.75,450,RAMP
335.6804623603821,206.7,244.0,0.75,450,RAMP
335.8204276561737,206.7,244.0,0.75,450,RAMP
335.9554362297058,206.9,244.0,0.75,450,RAMP
336.1314284801483,206.9,244.0,0.75,450,RAMP
336.3064329624176,206.9,244.0,0.75,450,RAMP
336.44543051719666,207.0,244.0,0.75,450,RAMP
336.57743072509766,207.0,244.0,0.75,450,RAMP
336.7384283542633,207.0,244.0,0.75,450,RAMP
336.88142800331116,207.0,244.0,0.75,450,RAMP
337.0084662437439,207.0,244.0,0.75,450,RAMP
337.1444299221039,207.0,244.0,0.75,450,RAMP
337.2814280986786,207.0,244.0,0.75,450,RAMP
337.4714288711548,207.0,244.0,0.75,450,RAMP
337.62743067741394,207.2,244.0,0.75,450,RAMP
337.8084771633148,207.2,244.0,0.75,450,RAMP
337.9504280090332,207.2,244.0,0.75,450,RAMP
338.0794315338135,207.3,244.0,0.75,450,RAMP
338.24043679237366,207.3,244.0,0.75,450,RAMP
338.38445925712585,207.5,244.0,0.75,450,RAMP
338.54342913627625,207.5,244.0,0.75,450,RAMP
338.70242738723755,207.5,244.0,0.75,450,RAMP
338.911429643631,207.6,244.0,0.75,450,RAMP
339.10843086242676,207.6,244.0,0.75,450,RAMP
339.2414300441742,207.8,244.0,0.75,450,RAMP
339.3894326686859,207.8,244.0,0.75,450,RAMP
339.5504276752472,207.8,244.0,0.75,450,RAMP
339.6934292316437,207.9,244.0,0.75,450,RAMP
339.83342957496643,207.9,244.0,0.75,450,RAMP
339.9654281139374,208.1,244.0,0.75,450,RAMP
340.1084294319153,208.1,244.0,0.75,450,RAMP
340.26343965530396,208.1,244.0,0.75,450,RAMP
340.428430557251,208.2,244.0,0.75,450,RAMP
340.5884282588959,208.2,244.0,0.75,450,RAMP
340.73043060302734,208.2,244.0,0.75,450,RAMP
340.8754332065582,208.4,244.0,0.75,450,RAMP
340.9984641075134,208.4,244.0,0.75,450,RAMP
341.1314287185669,208.4,244.0,0.75,450,RAMP
341.2904393672943,208.5,244.0,0.75,450,RAMP
341.419429063797,208.5,244.0,0.75,450,RAMP
341.55243396759033,208.7,244.0,0.75,450,RAMP
341.72242975234985,208.7,244.0,0.75,450,RAMP
341.8834273815155,208.7,244.0,0.75,450,RAMP
342.07446241378784,208.7,244.0,0.75,450,RAMP
342.2184271812439,208.7,244.0,0.75,450,RAMP
342.3624310493469,208.9,244.0,0.75,450,RAMP
342.5054495334625,208.9,244.0,0.75,450,RAMP
342.63342785835266,208.9,244.0,0.75,450,RAMP
342.77743339538574,209.1,244.0,0.75,450,RAMP
342.9044277667999,209.1,244.0,0.75,450,RAMP
343.0524277687073,209.1,244.0,0.75,450,RAMP
343.25242733955383,210.1,244.0,0.75,450,RAMP
343.4304316043854,210.1,244.0,0.75,450,RAMP
343.5744638442993,210.5,244.0,0.75,450,RAMP
343.7034275531769,210.5,244.0,0.75,450,RAMP
343.8524272441864,210.5,244.0,0.75,450,RAMP
343.9914355278015,210.6,244.0,0.75,450,RAMP
344.13442754745483,210.6,244.0,0.75,450,RAMP
344.2784299850464,210.6,244.0,0.75,450,RAMP
344.417427778244,210.8,244.0,0.75,450,RAMP
344.5964295864105,210.8,244.0,0.75,450,RAMP
344.76942896842957,210.9,244.0,0.75,450,RAMP
344.90242767333984,210.9,244.0,0.75,450,RAMP
345.0454320907593,210.9,244.0,0.75,450,RAMP
345.17443108558655,210.9,244.0,0.75,450,RAMP
345.31842732429504,210.9,244.0,0.75,450,RAMP
345.4574360847473,210.9,244.0,0.75,450,RAMP
345.5884659290314,210.9,244.0,0.75,450,RAMP
345.7414309978485,210.9,244.0,0.75,450,RAMP
345.8744306564331,210.9,244.0,0.75,450,RAMP
346.03642773628235,211.0,244.0,0.75,450,RAMP
346.22843074798584,211.0,244.0,0.75,450,RAMP
346.37344312667847,211.1,244.0,0.75,450,RAMP
346.5144283771515,211.1,244.0,0.75,450,RAMP
346.64846086502075,211.1,244.0,0.75,450,RAMP
346.7874276638031,211.1,244.0,0.75,450,RAMP
346.91542744636536,211.1,244.0,0.75,450,RAMP
347.05843329429626,211.1,244.0,0.75,450,RAMP
347.21942925453186,212.2,244.0,0.75,450,RAMP
347.4254298210144,212.2,244.0,0.75,450,RAMP
347.56143021583557,212.4,244.0,0.75,450,RAMP
347.7294383049011,212.4,244.0,0.75,450,RAMP
347.85345911979675,212.4,244.0,0.75,450,RAMP
348.0014271736145,212.6,244.0,0.75,450,RAMP
348.1434283256531,212.6,244.0,0.75,450,RAMP
348.3204278945923,212.6,244.0,0.75,450,RAMP
348.46443271636963,212.7,244.0,0.75,450,RAMP
348.60843110084534,212.7,244.0,0.75,450,RAMP
348.7364594936371,212.7,244.0,0.75,450,RAMP
348.87843084335327,212.9,244.0,0.75,450,RAMP
349.03443026542664,212.9,244.0,0.75,450,RAMP
349.2304627895355,212.9,244.0,0.75,450,RAMP
349.35843300819397,212.9,244.0,0.75,450,RAMP
349.50242733955383,212.9,244.0,0.75,450,RAMP
349.6464304924011,213.0,244.0,0.75,450,RAMP
349.785427570343,213.0,244.0,0.75,450,RAMP
349.9304301738739,213.0,244.0,0.75,450,RAMP
350.05842876434326,213.1,244.0,0.75,450,RAMP
350.1844639778137,213.1,244.0,0.75,450,RAMP
350.3494291305542,213.2,244.0,0.75,450,RAMP
350.5084297657013,213.2,244.0,0.75,450,RAMP
350.66846203804016,213.2,244.0,0.75,450,RAMP
350.80743885040283,213.4,244.0,0.75,450,RAMP
350.9564321041107,213.4,244.0,0.75,450,RAMP
351.10042810440063,213.4,244.0,0.75,450,RAMP
351.24543142318726,213.5,244.0,0.75,450,RAMP
351.3834593296051,213.5,244.0,0.75,450,RAMP
351.512437582016,213.5,244.0,0.75,450,RAMP
351.6554355621338,213.5,244.0,0.75,450,RAMP
351.83642745018005,213.5,244.0,0.75,450,RAMP
352.0284309387207,214.7,244.0,0.75,450,RAMP
352.1714277267456,214.7,244.0,0.75,450,RAMP
352.31343030929565,214.7,244.0,0.75,450,RAMP
352.44243025779724,214.8,244.0,0.75,450,RAMP
352.59242939949036,214.8,244.0,0.75,450,RAMP
352.7304308414459,214.8,244.0,0.75,450,RAMP
352.87344098091125,215.1,244.0,0.75,450,RAMP
353.0014600753784,215.1,244.0,0.75,450,RAMP
353.13642740249634,215.1,244.0,0.75,450,RAMP
353.2954304218292,215.4,244.0,0.75,450,RAMP
353.44343090057373,215.4,244.0,0.75,450,RAMP
353.6414301395416,215.6,244.0,0.75,450,RAMP
353.7694275379181,215.6,244.0,0.75,450,RAMP
353.8944296836853,215.6,244.0,0.75,450,RAMP
354.0344274044037,215.6,244.0,0.75,450,RAMP
354.1684284210205,215.6,244.0,0.75,450,RAMP
354.3084318637848,215.6,244.0,0.75,450,RAMP
354.45543026924133,215.7,244.0,0.75,450,RAMP
354.60242772102356,215.7,244.0,0.75,450,RAMP
354.7754294872284,215.8,244.0,0.75,450,RAMP
354.9304299354553,215.8,244.0,0.75,450,RAMP
355.07743215560913,215.8,244.0,0.75,450,RAMP
355.2194275856018,216.0,244.0,0.75,450,RAMP
355.35042786598206,216.0,244.0,0.75,450,RAMP
355.4954309463501,216.0,244.0,0.75,450,RAMP
355.6544277667999,216.1,244.0,0.75,450,RAMP
355.7964344024658,216.1,244.0,0.75,450,RAMP
355.93943333625793,216.2,244.0,0.75,450,RAMP
356.149427652359,216.2,244.0,0.75,450,RAMP
356.3404324054718,216.2,244.0,0.75,450,RAMP
356.4854278564453,216.2,244.0,0.75,450,RAMP
356.6284291744232,216.2,244.0,0.75,450,RAMP
356.77243161201477,217.4,244.0,0.75,450,RAMP
356.91542768478394,217.4,244.0,0.75,450,RAMP
357.0424292087555,217.4,244.0,0.75,450,RAMP
357.1994287967682,217.6,244.0,0.75,450,RAMP
357.3584289550781,217.6,244.0,0.75,450,RAMP
357.5394341945648,217.8,244.0,0.75,450,RAMP
357.72042775154114,217.8,244.0,0.75,450,RAMP
357.8584609031677,217.8,244.0,0.75,450,RAMP
358.00342750549316,218.0,244.0,0.75,450,RAMP
358.1294300556183,218.0,244.0,0.75,450,RAMP
358.2744312286377,218.0,244.0,0.75,450,RAMP
358.41243600845337,218.2,244.0,0.75,450,RAMP
358.54143047332764,218.2,244.0,0.75,450,RAMP
358.6734483242035,218.2,244.0,0.75,450,RAMP
358.8014271259308,218.2,244.0,0.75,450,RAMP
358.9564368724823,218.2,244.0,0.75,450,RAMP
359.0894296169281,218.2,244.0,0.75,450,RAMP
359.26442790031433,218.2,244.0,0.75,450,RAMP
359.408429145813,218.2,244.0,0.75,450,RAMP
359.55242800712585,218.2,244.0,0.75,450,RAMP
359.6964523792267,218.3,244.0,0.75,450,RAMP
359.8384292125702,218.3,244.0,0.75,450,RAMP
359.96842789649963,218.4,244.0,0.75,450,RAMP
360.1124358177185,218.4,244.0,0.75,450,RAMP
360.2554304599762,218.4,244.0,0.75,450,RAMP
360.41542887687683,218.6,244.0,0.75,450,RAMP
360.60643243789673,218.6,244.0,0.75,450,RAMP
360.7664279937744,218.7,244.0,0.75,450,RAMP
360.91143131256104,218.7,244.0,0.75,450,RAMP
361.0554325580597,218.7,244.0,0.75,450,RAMP
361.1964294910431,218.7,244.0,0.75,450,RAMP
361.3244307041168,218.7,244.0,0.75,450,RAMP
361.45245933532715,218.7,244.0,0.75,450,RAMP
361.58143305778503,218.9,244.0,0.75,450,RAMP
361.7244324684143,218.9,244.0,0.75,450,RAMP
361.88446164131165,218.9,244.0,0.75,450,RAMP
362.04043769836426,219.1,244.0,0.75,450,RAMP
362.20543098449707,219.1,244.0,0.75,450,RAMP
362.3454306125641,219.1,244.0,0.75,450,RAMP
362.4914309978485,219.3,244.0,0.75,450,RAMP
362.62043285369873,219.3,244.0,0.75,450,RAMP
362.7634286880493,219.3,244.0,0.75,450,RAMP
362.89143109321594,219.5,244.0,0.75,450,RAMP
363.03542733192444,219.5,244.0,0.75,450,RAMP
363.169429063797,219.7,244.0,0.75,450,RAMP
363.3224296569824,219.7,244.0,0.75,450,RAMP
363.46642875671387,219.7,244.0,0.75,450,RAMP
363.61143040657043,219.8,244.0,0.75,450,RAMP
363.75543212890625,219.8,244.0,0.75,450,RAMP
363.89842772483826,219.8,244.0,0.75,450,RAMP
364.0384290218353,220.0,244.0,0.75,450,RAMP
364.1714622974396,220.0,244.0,0.75,450,RAMP
364.31342816352844,220.0,244.0,0.75,450,RAMP
364.4524276256561,220.2,244.0,0.75,450,RAMP
364.6234350204468,220.2,244.0,0.75,450,RAMP
364.80342745780945,220.4,244.0,0.75,450,RAMP
364.9854278564453,220.4,244.0,0.75,450,RAMP
365.12542963027954,220.4,244.0,0.75,450,RAMP
365.27244091033936,220.5,244.0,0.75,450,RAMP
365.4154279232025,220.5,244.0,0.75,450,RAMP
365.54443097114563,220.5,244.0,0.75,450,RAMP
365.68243074417114,220.7,244.0,0.75,450,RAMP
365.81642746925354,220.7,244.0,0.75,450,RAMP
365.95342898368835,220.7,244.0,0.75,450,RAMP
366.1084294319153,220.7,244.0,0.75,450,RAMP
366.27943873405457,220.7,244.0,0.75,450,RAMP
366.42243003845215,222.0,244.0,0.75,450,RAMP
366.5614321231842,222.0,244.0,0.75,450,RAMP
366.7094304561615,222.0,244.0,0.75,450,RAMP
366.8554313182831,222.2,244.0,0.75,450,RAMP
366.9954311847687,222.2,244.0,0.75,450,RAMP
367.14143228530884,222.2,244.0,0.75,450,RAMP
367.27643036842346,222.3,244.0,0.75,450,RAMP
367.4274308681488,222.3,244.0,0.75,450,RAMP
367.5874276161194,222.6,244.0,0.75,450,RAMP
367.7614302635193,222.6,244.0,0.75,450,RAMP
367.9084300994873,222.6,244.0,0.75,450,RAMP
368.06542778015137,222.7,244.0,0.75,450,RAMP
368.20643401145935,222.7,244.0,0.75,450,RAMP
368.33854150772095,222.7,244.0,0.75,450,RAMP
368.47351598739624,222.7,244.0,0.75,450,RAMP
368.6115143299103,222.7,244.0,0.75,450,RAMP
368.7375421524048,222.7,244.0,0.75,450,RAMP
368.87954449653625,222.7,244.0,0.75,450,RAMP
369.0385174751282,222.7,244.0,0.75,450,RAMP
369.1995120048523,222.8,244.0,0.75,450,RAMP
369.32954239845276,222.8,244.0,0.75,450,RAMP
369.4815413951874,222.8,244.0,0.75,450,RAMP
369.6335413455963,222.9,244.0,0.75,450,RAMP
369.7785186767578,222.9,244.0,0.75,450,RAMP
369.92154598236084,222.9,244.0,0.75,450,RAMP
370.0655438899994,223.0,244.0,0.75,450,RAMP
370.2065188884735,223.0,244.0,0.75,450,RAMP
370.38154125213623,223.1,244.0,0.75,450,RAMP
370.5455138683319,223.1,244.0,0.75,450,RAMP
370.6875419616699,223.1,244.0,0.75,450,RAMP
370.8325126171112,223.1,244.0,0.75,450,RAMP
370.9785146713257,223.1,244.0,0.75,450,RAMP
371.1195092201233,223.1,244.0,0.75,450,RAMP
371.263516664505,223.3,244.0,0.75,450,RAMP
371.4075446128845,223.3,244.0,0.75,450,RAMP
371.550541639328,223.4,244.0,0.75,450,RAMP
371.7265121936798,223.4,244.0,0.75,450,RAMP
371.9195432662964,223.4,244.0,0.75,450,RAMP
372.0625162124634,223.6,244.0,0.75,450,RAMP
372.2215359210968,223.6,244.0,0.75,450,RAMP
372.3655426502228,223.8,244.0,0.75,450,RAMP
372.51051330566406,223.8,244.0,0.75,450,RAMP
372.6545412540436,223.8,244.0,0.75,450,RAMP
372.79751539230347,224.0,244.0,0.75,450,RAMP
372.9435439109802,224.0,244.0,0.75,450,RAMP
373.14251160621643,224.1,244.0,0.75,450,RAMP
373.3235197067261,224.1,244.0,0.75,450,RAMP
373.4705424308777,224.1,244.0,0.75,450,RAMP
373.61154890060425,225.2,244.0,0.75,450,RAMP
373.7405161857605,225.2,244.0,0.75,450,RAMP
373.89654088020325,225.2,244.0,0.75,450,RAMP
374.02651381492615,225.4,244.0,0.75,450,RAMP
374.16954135894775,225.4,244.0,0.75,450,RAMP
374.3105118274689,225.7,244.0,0.75,450,RAMP
374.5015413761139,225.7,244.0,0.75,450,RAMP
374.69351410865784,225.7,244.0,0.75,450,RAMP
374.87252378463745,225.8,244.0,0.75,450,RAMP
375.0235159397125,225.8,244.0,0.75,450,RAMP
375.20552611351013,225.9,244.0,0.75,450,RAMP
375.3535141944885,225.9,244.0,0.75,450,RAMP
375.4805417060852,225.9,244.0,0.75,450,RAMP
375.6255121231079,225.9,244.0,0.75,450,RAMP
375.76854515075684,225.9,244.0,0.75,450,RAMP
375.9075448513031,225.9,244.0,0.75,450,RAMP
376.0695424079895,225.9,244.0,0.75,450,RAMP
376.23354172706604,225.9,244.0,0.75,450,RAMP
376.37651467323303,226.1,244.0,0.75,450,RAMP
376.5185420513153,226.1,244.0,0.75,450,RAMP
376.647513628006,226.1,244.0,0.75,450,RAMP
376.7875425815582,226.2,244.0,0.75,450,RAMP
376.9195137023926,226.2,244.0,0.75,450,RAMP
377.0595121383667,226.2,244.0,0.75,450,RAMP
377.1855421066284,226.3,244.0,0.75,450,RAMP
377.3615348339081,226.3,244.0,0.75,450,RAMP
377.5095121860504,226.3,244.0,0.75,450,RAMP
377.6695430278778,226.5,244.0,0.75,450,RAMP
377.80754256248474,226.5,244.0,0.75,450,RAMP
377.9405481815338,226.5,244.0,0.75,450,RAMP
378.0695421695709,226.7,244.0,0.75,450,RAMP
378.2045428752899,226.7,244.0,0.75,450,RAMP
378.34254360198975,226.7,244.0,0.75,450,RAMP
378.48354291915894,226.8,244.0,0.75,450,RAMP
378.6415455341339,226.8,244.0,0.75,450,RAMP
378.80954337120056,227.0,244.0,0.75,450,RAMP
378.9625508785248,227.0,244.0,0.75,450,RAMP
379.12351846694946,227.0,244.0,0.75,450,RAMP
379.26253032684326,227.2,244.0,0.75,450,RAMP
379.40954542160034,227.2,244.0,0.75,450,RAMP
379.5405135154724,227.2,244.0,0.75,450,RAMP
379.6785190105438,227.3,244.0,0.75,450,RAMP
379.8065502643585,227.3,244.0,0.75,450,RAMP
379.9395217895508,227.3,244.0,0.75,450,RAMP
380.07751178741455,227.5,244.0,0.75,450,RAMP
380.23554134368896,227.5,244.0,0.75,450,RAMP
380.4025135040283,227.5,244.0,0.75,450,RAMP
380.54556488990784,227.5,244.0,0.75,450,RAMP
380.67451190948486,227.5,244.0,0.75,450,RAMP
380.81152868270874,227.6,244.0,0.75,450,RAMP
380.9455523490906,227.6,244.0,0.75,450,RAMP
381.089519739151,227.6,244.0,0.75,450,RAMP
381.21257615089417,227.8,244.0,0.75,450,RAMP
381.3455157279968,227.8,244.0,0.75,450,RAMP
381.52651143074036,227.8,244.0,0.75,450,RAMP
381.69551491737366,228.0,244.0,0.75,450,RAMP
381.86354327201843,228.0,244.0,0.75,450,RAMP
381.99854826927185,228.1,244.0,0.75,450,RAMP
382.12154746055603,228.1,244.0,0.75,450,RAMP
382.26151275634766,228.1,244.0,0.75,450,RAMP
382.42151045799255,229.2,244.0,0.75,450,RAMP
382.5595123767853,229.2,244.0,0.75,450,RAMP
382.69954323768616,229.2,244.0,0.75,450,RAMP
382.83654499053955,229.5,244.0,0.75,450,RAMP
383.02154636383057,229.5,244.0,0.75,450,RAMP
383.1925446987152,229.6,244.0,0.75,450,RAMP
383.34151220321655,229.6,244.0,0.75,450,RAMP
383.4825415611267,229.6,244.0,0.75,450,RAMP
383.6125454902649,229.8,244.0,0.75,450,RAMP
383.7895154953003,229.8,244.0,0.75,450,RAMP
383.9165482521057,229.8,244.0,0.75,450,RAMP
384.0775148868561,230.0,244.0,0.75,450,RAMP
384.2215459346771,230.0,244.0,0.75,450,RAMP
384.3635187149048,230.0,244.0,0.75,450,RAMP
384.50851249694824,230.0,244.0,0.75,450,RAMP
384.66754126548767,230.0,244.0,0.75,450,RAMP
384.8105432987213,230.1,244.0,0.75,450,RAMP
384.9355421066284,230.1,244.0,0.75,450,RAMP
385.0805423259735,230.1,244.0,0.75,450,RAMP
385.2325417995453,230.1,244.0,0.75,450,RAMP
385.3695147037506,230.1,244.0,0.75,450,RAMP
385.5105402469635,230.1,244.0,0.75,450,RAMP
385.6585121154785,230.2,244.0,0.75,450,RAMP
385.7965440750122,230.2,244.0,0.75,450,RAMP
385.94651436805725,230.3,244.0,0.75,450,RAMP
386.1195423603058,230.3,244.0,0.75,450,RAMP
386.2505421638489,230.3,244.0,0.75,450,RAMP
386.3945116996765,230.5,244.0,0.75,450,RAMP
386.5385162830353,230.5,244.0,0.75,450,RAMP
386.6815140247345,230.5,244.0,0.75,450,RAMP
386.8245475292206,230.6,244.0,0.75,450,RAMP
386.96451568603516,230.6,244.0,0.75,450,RAMP
387.1075441837311,230.6,244.0,0.75,450,RAMP
387.3025391101837,230.7,244.0,0.75,450,RAMP
387.4635429382324,230.7,244.0,0.75,450,RAMP
387.6115517616272,230.9,244.0,0.75,450,RAMP
387.7485454082489,230.9,244.0,0.75,450,RAMP
387.8795461654663,230.9,244.0,0.75,450,RAMP
388.02251625061035,231.1,244.0,0.75,450,RAMP
388.1435122489929,231.1,244.0,0.75,450,RAMP
388.2785129547119,231.1,244.0,0.75,450,RAMP
388.41651463508606,231.2,244.0,0.75,450,RAMP
388.5945119857788,231.2,244.0,0.75,450,RAMP
388.75851345062256,231.4,244.0,0.75,450,RAMP
388.91854310035706,231.4,244.0,0.75,450,RAMP
389.04554772377014,231.4,244.0,0.75,450,RAMP
389.1735186576843,231.6,244.0,0.75,450,RAMP
389.3085436820984,231.6,244.0,0.75,450,RAMP
389.45751690864563,231.6,244.0,0.75,450,RAMP
389.60451340675354,231.8,244.0,0.75,450,RAMP
389.7325417995453,231.8,244.0,0.75,450,RAMP
389.88154125213623,231.8,244.0,0.75,450,RAMP
390.03651309013367,231.8,244.0,0.75,450,RAMP
390.2075459957123,231.8,244.0,0.75,450,RAMP
390.4025413990021,233.1,244.0,0.75,450,RAMP
390.54654240608215,233.1,244.0,0.75,450,RAMP
390.68155169487,233.1,244.0,0.75,450,RAMP
390.83654141426086,233.3,244.0,0.75,450,RAMP
390.9815139770508,233.3,244.0,0.75,450,RAMP
391.1235182285309,233.3,244.0,0.75,450,RAMP
391.26651310920715,233.5,244.0,0.75,450,RAMP
391.4215428829193,233.5,244.0,0.75,450,RAMP
391.57954454421997,233.8,244.0,0.75,450,RAMP
391.7415120601654,233.8,244.0,0.75,450,RAMP
391.9045457839966,233.8,244.0,0.75,450,RAMP
392.0325417518616,234.0,244.0,0.75,450,RAMP
392.16754174232483,234.0,244.0,0.75,450,RAMP
392.3049101829529,234.0,244.0,0.75,450,RAMP
392.4319124221802,234.0,244.0,0.75,450,RAMP
392.56491208076477,234.0,244.0,0.75,450,RAMP
392.7049105167389,234.0,244.0,0.75,450,RAMP
392.84791016578674,234.0,244.0,0.75,450,RAMP
393.02291917800903,234.0,244.0,0.75,450,RAMP
393.20090985298157,234.0,244.0,0.75,450,RAMP
393.3369109630585,234.0,244.0,0.75,450,RAMP
393.4729154109955,234.0,244.0,0.75,450,RAMP
393.6209099292755,234.1,244.0,0.75,450,RAMP
393.7539098262787,234.1,244.0,0.75,450,RAMP
393.8879096508026,234.1,244.0,0.75,450,RAMP
394.0299172401428,234.2,244.0,0.75,450,RAMP
394.15391278266907,234.2,244.0,0.75,450,RAMP
394.3289144039154,234.2,244.0,0.75,450,RAMP
394.4939136505127,234.3,244.0,0.75,450,RAMP
394.65391063690186,234.3,244.0,0.75,450,RAMP
394.7949113845825,234.3,244.0,0.75,450,RAMP
394.94091391563416,234.3,244.0,0.75,450,RAMP
395.0749113559723,234.3,244.0,0.75,450,RAMP
395.21191453933716,234.5,244.0,0.75,450,RAMP
395.3399429321289,234.5,244.0,0.75,450,RAMP
395.49990940093994,234.5,244.0,0.75,450,RAMP
395.6429114341736,234.6,244.0,0.75,450,RAMP
395.81990933418274,234.6,244.0,0.75,450,RAMP
395.9959132671356,234.8,244.0,0.75,450,RAMP
396.13590955734253,234.8,244.0,0.75,450,RAMP
396.2669093608856,234.8,244.0,0.75,450,RAMP
396.40991163253784,235.0,244.0,0.75,450,RAMP
396.5559115409851,235.0,244.0,0.75,450,RAMP
396.6959135532379,235.0,244.0,0.75,450,RAMP
396.82090950012207,235.2,244.0,0.75,450,RAMP
396.94790983200073,235.2,244.0,0.75,450,RAMP
397.1259126663208,235.2,244.0,0.75,450,RAMP
397.27391481399536,236.3,244.0,0.75,450,RAMP
397.44594717025757,236.3,244.0,0.75,450,RAMP
397.5749113559723,236.5,244.0,0.75,450,RAMP
397.7209095954895,236.5,244.0,0.75,450,RAMP
397.8599123954773,236.5,244.0,0.75,450,RAMP
398.0079138278961,236.7,244.0,0.75,450,RAMP
398.13291001319885,236.7,244.0,0.75,450,RAMP
398.2629222869873,236.7,244.0,0.75,450,RAMP
398.3909146785736,236.8,244.0,0.75,450,RAMP
398.53490948677063,236.8,244.0,0.75,450,RAMP
398.67891931533813,236.8,244.0,0.75,450,RAMP
398.8229146003723,237.0,244.0,0.75,450,RAMP
398.96690940856934,237.0,244.0,0.75,450,RAMP
399.1179094314575,237.0,244.0,0.75,450,RAMP
399.2549102306366,237.0,244.0,0.75,450,RAMP
399.4029095172882,237.0,244.0,0.75,450,RAMP
399.5419144630432,237.0,244.0,0.75,450,RAMP
399.682909488678,237.0,244.0,0.75,450,RAMP
399.81091237068176,237.0,244.0,0.75,450,RAMP
399.9529092311859,237.1,244.0,0.75,450,RAMP
400.11490964889526,237.1,244.0,0.75,450,RAMP
400.29291224479675,237.1,244.0,0.75,450,RAMP
400.43690943717957,237.2,244.0,0.75,450,RAMP
400.5809099674225,237.2,244.0,0.75,450,RAMP
400.7219126224518,237.2,244.0,0.75,450,RAMP
400.85290932655334,237.2,244.0,0.75,450,RAMP
400.9959132671356,237.2,244.0,0.75,450,RAMP
401.13590955734253,237.2,244.0,0.75,450,RAMP
401.2669098377228,237.3,244.0,0.75,450,RAMP
401.4059121608734,237.3,244.0,0.75,450,RAMP
401.5719118118286,237.3,244.0,0.75,450,RAMP
401.7119119167328,237.5,244.0,0.75,450,RAMP
401.83891201019287,237.5,244.0,0.75,450,RAMP
401.9719150066376,237.6,244.0,0.75,450,RAMP
402.1089463233948,237.6,244.0,0.75,450,RAMP
402.2409121990204,237.6,244.0,0.75,450,RAMP
402.3709111213684,237.7,244.0,0.75,450,RAMP
402.5199112892151,237.7,244.0,0.75,450,RAMP
402.65390944480896,237.7,244.0,0.75,450,RAMP
402.864910364151,237.9,244.0,0.75,450,RAMP
403.02091121673584,237.9,244.0,0.75,450,RAMP
403.14791202545166,237.9,244.0,0.75,450,RAMP
403.28091049194336,238.1,244.0,0.75,450,RAMP
403.4149103164673,238.1,244.0,0.75,450,RAMP
403.55391001701355,238.1,244.0,0.75,450,RAMP
403.69691014289856,238.2,244.0,0.75,450,RAMP
403.83790946006775,238.2,244.0,0.75,450,RAMP
403.9639096260071,238.4,244.0,0.75,450,RAMP
404.13891220092773,238.4,244.0,0.75,450,RAMP
404.2869117259979,238.4,244.0,0.75,450,RAMP
404.44291281700134,238.4,244.0,0.75,450,RAMP
404.57391357421875,238.4,244.0,0.75,450,RAMP
404.72491216659546,238.4,244.0,0.75,450,RAMP
404.86292004585266,238.6,244.0,0.75,450,RAMP
405.00591254234314,238.6,244.0,0.75,450,RAMP
405.16694164276123,238.6,244.0,0.75,450,RAMP
405.30993819236755,239.6,244.0,0.75,450,RAMP
405.4439117908478,239.6,244.0,0.75,450,RAMP
405.63590955734253,239.8,244.0,0.75,450,RAMP
405.8049101829529,239.8,244.0,0.75,450,RAMP
405.94891023635864,239.8,244.0,0.75,450,RAMP
406.09191131591797,240.0,244.0,0.75,450,RAMP
406.2149097919464,240.0,244.0,0.75,450,RAMP
406.3459131717682,240.0,244.0,0.75,450,RAMP
406.4939110279083,240.1,244.0,0.75,450,RAMP
406.6299114227295,240.1,244.0,0.75,450,RAMP
406.7599129676819,240.1,244.0,0.75,450,RAMP
406.88891339302063,240.3,244.0,0.75,450,RAMP
407.01991176605225,240.3,244.0,0.75,450,RAMP
407.1789171695709,240.3,244.0,0.75,450,RAMP
407.3369107246399,240.3,244.0,0.75,450,RAMP
407.4629123210907,240.3,244.0,0.75,450,RAMP
407.5909447669983,240.4,244.0,0.75,450,RAMP
407.7229173183441,240.4,244.0,0.75,450,RAMP
407.865909576416,240.4,244.0,0.75,450,RAMP
407.99491238594055,240.4,244.0,0.75,450,RAMP
408.14291071891785,240.4,244.0,0.75,450,RAMP
408.27691292762756,240.4,244.0,0.75,450,RAMP
408.4539096355438,240.5,244.0,0.75,450,RAMP
408.6389117240906,240.5,244.0,0.75,450,RAMP
408.8099112510681,240.6,244.0,0.75,450,RAMP
408.9519100189209,240.6,244.0,0.75,450,RAMP
409.0809109210968,240.6,244.0,0.75,450,RAMP
409.22191166877747,240.6,244.0,0.75,450,RAMP
409.35194516181946,240.6,244.0,0.75,450,RAMP
409.47991013526917,240.6,244.0,0.75,450,RAMP
409.6249132156372,240.8,244.0,0.75,450,RAMP
409.76293087005615,240.8,244.0,0.75,450,RAMP
409.950909614563,241.0,244.0,0.75,450,RAMP
410.13091254234314,241.0,244.0,0.75,450,RAMP
410.29391264915466,241.0,244.0,0.75,450,RAMP
410.43891286849976,241.2,244.0,0.75,450,RAMP
410.59890937805176,241.2,244.0,0.75,450,RAMP
410.73893785476685,241.2,244.0,0.75,450,RAMP
410.87094354629517,241.4,244.0,0.75,450,RAMP
411.014910697937,241.4,244.0,0.75,450,RAMP
411.1489095687866,241.5,244.0,0.75,450,RAMP
411.31690979003906,241.5,244.0,0.75,450,RAMP
411.48991680145264,241.5,244.0,0.75,450,RAMP
411.63690972328186,241.7,244.0,0.75,450,RAMP
411.77791142463684,241.7,244.0,0.75,450,RAMP
411.9249322414398,241.7,244.0,0.75,450,RAMP
412.0579137802124,241.8,244.0,0.75,450,RAMP
412.1949203014374,241.8,244.0,0.75,450,RAMP
412.3399291038513,241.8,244.0,0.75,450,RAMP
412.46891045570374,242.9,244.0,0.75,450,RAMP
412.64191198349,242.9,244.0,0.75,450,RAMP
412.80291223526,243.1,244.0,0.75,450,RAMP
412.92992520332336,243.1,244.0,0.75,450,RAMP
413.0699110031128,243.1,244.0,0.75,450,RAMP
413.2579119205475,243.3,244.0,0.75,450,RAMP
413.39191603660583,243.3,244.0,0.75,450,RAMP
413.5289294719696,243.3,244.0,0.75,450,RAMP
413.6819143295288,243.5,244.0,0.75,450,RAMP
413.82591247558594,243.5,244.0,0.75,450,RAMP
413.9519097805023,243.5,244.0,0.75,450,RAMP
414.1279273033142,243.5,244.0,0.75,450,RAMP
414.2879099845886,243.5,244.0,0.75,450,RAMP
414.4179439544678,243.7,244.0,0.75,450,RAMP
414.57491064071655,243.7,244.0,0.75,450,RAMP
414.70491123199463,243.7,244.0,0.75,450,RAMP
414.8479106426239,243.7,244.0,0.75,450,RAMP
414.970911026001,243.7,244.0,0.75,450,RAMP
415.10190987586975,243.7,244.0,0.75,450,RAMP
415.22991704940796,243.8,244.0,0.75,450,RAMP
415.35791087150574,243.8,244.0,0.75,450,RAMP
415.51594138145447,243.8,244.0,0.75,450,RAMP
415.71091389656067,243.9,244.0,0.75,450,RAMP
415.85390996932983,243.9,244.0,0.75,450,RAMP
415.99491143226624,244.0,244.0,0.75,450,RAMP
416.142911195755,244.0,244.0,0.75,450,RAMP
416.2829096317291,244.0,244.0,0.75,450,RAMP
416.4279193878174,244.2,244.0,0.75,450,RAMP
416.55791306495667,244.2,244.0,0.75,450,RAMP
416.6979112625122,244.2,244.0,0.75,450,RAMP
416.8879108428955,244.3,244.0,0.75,450,HOLD
417.0479130744934,244.3,244.0,0.75,450,HOLD
417.2239167690277,244.4,244.0,0.75,450,HOLD
417.39990997314453,244.4,244.0,0.75,450,HOLD
417.53191590309143,244.4,244.0,0.75,450,HOLD
417.65891337394714,244.6,244.0,0.75,450,HOLD
417.80390977859497,244.6,244.0,0.75,450,HOLD
417.9459445476532,244.6,244.0,0.75,450,HOLD
418.07090973854065,244.7,244.0,0.75,450,HOLD
418.20190954208374,244.7,244.0,0.75,450,HOLD
418.3439111709595,244.7,244.0,0.75,450,HOLD
418.48690938949585,244.9,244.0,0.75,450,HOLD
418.66690969467163,244.9,244.0,0.75,450,HOLD
418.84291195869446,244.9,244.0,0.75,450,HOLD
418.9819116592407,244.9,244.0,0.75,450,HOLD
419.11294960975647,244.9,244.0,0.75,450,HOLD
419.24191308021545,245.1,244.0,0.75,450,HOLD
419.3829116821289,245.1,244.0,0.75,450,HOLD
419.5289161205292,245.1,244.0,0.75,450,HOLD
419.6719105243683,245.2,244.0,0.75,450,HOLD
419.8179097175598,245.2,244.0,0.75,450,HOLD
420.0239210128784,245.4,244.0,0.75,450,HOLD
420.16494131088257,245.4,244.0,0.75,450,HOLD
420.3079147338867,245.4,244.0,0.75,450,HOLD
420.4399130344391,245.5,244.0,0.75,450,HOLD
420.5689103603363,245.5,244.0,0.75,450,HOLD
420.7059121131897,245.5,244.0,0.75,450,HOLD
420.85591197013855,245.7,244.0,0.75,450,HOLD
420.9979135990143,245.7,244.0,0.75,450,HOLD
421.1209099292755,245.9,244.0,0.75,450,HOLD
421.3179121017456,245.9,244.0,0.75,450,HOLD
421.47892808914185,245.9,244.0,0.75,450,HOLD
421.596914768219,246.0,244.0,0.75,450,HOLD
421.7339098453522,246.0,244.0,0.75,450,HOLD
421.86091232299805,246.0,244.0,0.75,450,HOLD
422.0029091835022,246.2,244.0,0.75,450,HOLD
422.13294219970703,246.2,244.0,0.75,450,HOLD
422.26291704177856,246.2,244.0,0.75,450,HOLD
422.3929138183594,246.3,244.0,0.75,450,HOLD
422.56091117858887,246.3,244.0,0.75,450,HOLD
422.7569146156311,246.3,244.0,0.75,450,HOLD
422.90594387054443,246.5,244.0,0.75,450,HOLD
423.0455367565155,246.5,244.0,0.75,450,HOLD
423.18853092193604,246.7,244.0,0.75,450,HOLD
423.32853150367737,246.7,244.0,0.75,450,HOLD
423.45654225349426,246.7,244.0,0.75,450,HOLD
423.5875289440155,246.7,244.0,0.75,450,HOLD
423.7285315990448,246.7,244.0,0.75,450,HOLD
423.8875288963318,246.7,244.0,0.75,450,HOLD
424.083527803421,246.9,244.0,0.75,450,HOLD
424.24253153800964,246.9,244.0,0.75,450,HOLD
424.3815290927887,247.0,244.0,0.75,450,HOLD
424.5295298099518,247.0,244.0,0.75,450,HOLD
424.6745331287384,247.0,244.0,0.75,450,HOLD
424.8125295639038,247.2,244.0,0.75,450,HOLD
424.9445300102234,247.2,244.0,0.75,450,HOLD
425.07253241539,247.2,244.0,0.75,450,HOLD
425.21852922439575,247.4,244.0,0.75,450,HOLD
425.3895411491394,247.4,244.0,0.75,450,HOLD
425.5705292224884,247.4,244.0,0.75,450,HOLD
425.7095627784729,247.5,244.0,0.75,450,HOLD
425.84053778648376,247.5,244.0,0.75,450,HOLD
425.9845290184021,247.7,244.0,0.75,450,HOLD
426.1245608329773,247.7,244.0,0.75,450,HOLD
426.2555377483368,247.7,244.0,0.75,450,HOLD
426.39855885505676,247.8,244.0,0.75,450,HOLD
426.5195281505585,247.8,244.0,0.75,450,HOLD
426.68752813339233,247.8,244.0,0.75,450,HOLD
426.87856006622314,247.9,244.0,0.75,450,HOLD
427.02152919769287,247.9,244.0,0.75,450,HOLD
427.1465308666229,247.9,244.0,0.75,450,HOLD
427.2895414829254,248.1,244.0,0.75,450,HOLD
427.4385349750519,248.1,244.0,0.75,450,HOLD
427.5655620098114,248.1,244.0,0.75,450,HOLD
427.6935329437256,248.2,244.0,0.75,450,HOLD
427.8465304374695,248.2,244.0,0.75,450,HOLD
428.0085334777832,248.4,244.0,0.75,450,HOLD
428.18853306770325,248.4,244.0,0.75,450,HOLD
428.348530292511,248.4,244.0,0.75,450,HOLD
428.4915328025818,248.4,244.0,0.75,450,HOLD
428.62052965164185,248.4,244.0,0.75,450,HOLD
428.745539188385,248.4,244.0,0.75,450,HOLD
428.87556171417236,248.5,244.0,0.75,450,HOLD
429.00455927848816,248.5,244.0,0.75,450,HOLD
429.1435286998749,248.5,244.0,0.75,450,HOLD
429.3235321044922,248.7,244.0,0.75,450,HOLD
429.4835283756256,248.7,244.0,0.75,450,HOLD
429.6265285015106,248.8,244.0,0.75,450,HOLD
429.75553250312805,248.8,244.0,0.75,450,HOLD
429.8985641002655,248.8,244.0,0.75,450,HOLD
430.0275282859802,248.9,244.0,0.75,450,HOLD
430.1715307235718,248.9,244.0,0.75,450,HOLD
430.3071813583374,248.9,244.0,0.75,450,HOLD
430.45814752578735,249.1,244.0,0.75,450,HOLD
430.59614729881287,249.1,244.0,0.75,450,HOLD
430.7771759033203,249.1,244.0,0.75,450,HOLD
430.90614652633667,249.2,244.0,0.75,450,HOLD
431.0401523113251,249.2,244.0,0.75,450,HOLD
431.177175283432,249.2,244.0,0.75,450,HOLD
431.3041434288025,249.2,244.0,0.75,450,HOLD
431.4311902523041,249.2,244.0,0.75,450,HOLD
431.57117986679077,249.3,244.0,0.75,450,HOLD
431.71817541122437,249.3,244.0,0.75,450,HOLD
431.8941481113434,249.3,244.0,0.75,450,HOLD
432.05314350128174,249.3,244.0,0.75,450,HOLD
432.21518087387085,249.3,244.0,0.75,450,HOLD
432.3431477546692,249.3,244.0,0.75,450,HOLD
432.4861750602722,249.3,244.0,0.75,450,HOLD
432.61517548561096,249.3,244.0,0.75,450,HOLD
432.7481451034546,249.3,244.0,0.75,450,HOLD
432.88217544555664,249.4,244.0,0.75,450,HOLD
433.03117632865906,249.4,244.0,0.75,450,HOLD
433.1531779766083,249.4,244.0,0.75,450,HOLD
433.3642475605011,249.4,244.0,0.75,450,HOLD
433.5412735939026,249.4,244.0,0.75,450,HOLD
433.6702687740326,249.4,244.0,0.75,450,HOLD
433.8122754096985,249.4,244.0,0.75,450,HOLD
433.9392373561859,249.4,244.0,0.75,450,HOLD
434.0652709007263,249.4,244.0,0.75,450,HOLD
434.19527220726013,249.4,244.0,0.75,450,HOLD
434.3392376899719,249.4,244.0,0.75,450,HOLD
434.47927808761597,249.4,244.0,0.75,450,HOLD
434.6712713241577,249.4,244.0,0.75,450,HOLD
434.86323738098145,249.4,244.0,0.75,450,HOLD
434.99426889419556,249.4,244.0,0.75,450,HOLD
435.12426805496216,249.4,244.0,0.75,450,HOLD
435.2652666568756,249.4,244.0,0.75,450,HOLD
435.39527106285095,249.4,244.0,0.75,450,HOLD
435.5222690105438,249.4,244.0,0.75,450,HOLD
435.67126631736755,249.4,244.0,0.75,450,HOLD
435.8142387866974,249.4,244.0,0.75,450,HOLD
435.9832673072815,249.3,244.0,0.75,450,HOLD
436.1822364330292,249.3,244.0,0.75,450,HOLD
436.32227087020874,249.3,244.0,0.75,450,HOLD
436.4622371196747,249.3,244.0,0.75,450,HOLD
436.60926961898804,249.3,244.0,0.75,450,HOLD
436.75926899909973,249.3,244.0,0.75,450,HOLD
436.9122750759125,249.3,244.0,0.75,450,HOLD
437.05627155303955,249.3,244.0,0.75,450,HOLD
437.2122423648834,249.3,244.0,0.75,450,HOLD
437.3812701702118,249.3,244.0,0.75,450,HOLD
437.51826763153076,249.3,244.0,0.75,450,HOLD
437.66327691078186,249.3,244.0,0.75,450,HOLD
437.8062400817871,249.3,244.0,0.75,450,HOLD
437.94823479652405,249.3,244.0,0.75,450,HOLD
438.0752704143524,249.3,244.0,0.75,450,HOLD
438.20527482032776,249.3,244.0,0.75,450,HOLD
438.33326745033264,249.3,244.0,0.75,450,HOLD
438.48526668548584,249.2,244.0,0.75,450,HOLD
438.64826679229736,249.2,244.0,0.75,450,HOLD
438.810271024704,249.2,244.0,0.75,450,HOLD
438.941237449646,249.2,244.0,0.75,450,HOLD
439.0682671070099,249.2,244.0,0.75,450,HOLD
439.2132830619812,249.2,244.0,0.75,450,HOLD
439.34123706817627,249.2,244.0,0.75,450,HOLD
439.4692368507385,249.2,244.0,0.75,450,HOLD
439.5962464809418,249.2,244.0,0.75,450,HOLD
439.7392680644989,249.2,244.0,0.75,450,HOLD
439.94623851776123,249.2,244.0,0.75,450,HOLD
440.1382734775543,249.2,244.0,0.75,450,HOLD
440.2812411785126,249.2,244.0,0.75,450,HOLD
440.4172341823578,249.2,244.0,0.75,450,HOLD
440.5562422275543,249.2,244.0,0.75,450,HOLD
440.689236164093,249.2,244.0,0.75,450,HOLD
440.8262405395508,249.2,244.0,0.75,450,HOLD
440.97626876831055,249.2,244.0,0.75,450,HOLD
441.1442701816559,249.2,244.0,0.75,450,HOLD
441.3222379684448,249.2,244.0,0.75,450,HOLD
441.4652364253998,249.2,244.0,0.75,450,HOLD
441.6042673587799,249.2,244.0,0.75,450,HOLD
441.754269361496,249.2,244.0,0.75,450,HOLD
441.8942406177521,249.2,244.0,0.75,450,HOLD
442.0422377586365,249.2,244.0,0.75,450,HOLD
442.191269159317,249.2,244.0,0.75,450,HOLD
442.341237783432,249.2,244.0,0.75,450,HOLD
442.5182673931122,249.2,244.0,0.75,450,HOLD
442.69624185562134,249.2,244.0,0.75,450,HOLD
442.84127140045166,249.2,244.0,0.75,450,HOLD
442.9672682285309,249.2,244.0,0.75,450,HOLD
443.11227226257324,249.2,244.0,0.75,450,HOLD
443.2552695274353,249.2,244.0,0.75,450,HOLD
443.3832676410675,249.2,244.0,0.75,450,HOLD
443.5072691440582,249.2,244.0,0.75,450,HOLD
443.63726806640625,249.2,244.0,0.75,450,HOLD
443.78126192092896,249.2,244.0,0.75,450,HOLD
443.9542679786682,249.1,244.0,0.75,450,HOLD
444.1512665748596,249.1,244.0,0.75,450,HOLD
444.2932388782501,249.1,244.0,0.75,450,HOLD
444.4532346725464,249.1,244.0,0.75,450,HOLD
444.58026695251465,249.1,244.0,0.75,450,HOLD
444.72527170181274,249.1,244.0,0.75,450,HOLD
444.85527205467224,249.1,244.0,0.75,450,HOLD
444.99624824523926,249.1,244.0,0.75,450,HOLD
445.1192343235016,249.1,244.0,0.75,450,HOLD
445.31523752212524,249.0,244.0,0.75,450,HOLD
445.47424030303955,249.0,244.0,0.75,450,HOLD
445.61826276779175,249.0,244.0,0.75,450,HOLD
445.76227259635925,249.0,244.0,0.75,450,HOLD
445.91126799583435,249.0,244.0,0.75,450,HOLD
446.0502619743347,249.0,244.0,0.75,450,HOLD
446.1792724132538,249.0,244.0,0.75,450,HOLD
446.30226945877075,249.0,244.0,0.75,450,HOLD
446.42924547195435,248.9,244.0,0.75,450,HOLD
446.62127137184143,248.9,244.0,0.75,450,HOLD
446.7872676849365,248.9,244.0,0.75,450,HOLD
446.929238319397,248.9,244.0,0.75,450,HOLD
447.0732772350311,248.9,244.0,0.75,450,HOLD
447.2292835712433,248.8,244.0,0.75,450,HOLD
447.37727093696594,248.8,244.0,0.75,450,HOLD
447.5042669773102,248.8,244.0,0.75,450,HOLD
447.64726972579956,248.8,244.0,0.75,450,HOLD
447.7872347831726,248.8,244.0,0.75,450,HOLD
447.9682619571686,248.8,244.0,0.75,450,HOLD
448.1382348537445,248.8,244.0,0.75,450,HOLD
448.30326747894287,248.8,244.0,0.75,450,HOLD
448.4632396697998,248.7,244.0,0.75,450,HOLD
448.59224033355713,248.7,244.0,0.75,450,HOLD
448.7302436828613,248.7,244.0,0.75,450,HOLD
448.87923884391785,248.6,244.0,0.75,450,HOLD
449.0202374458313,248.6,244.0,0.75,450,HOLD
449.14927101135254,248.5,244.0,0.75,450,HOLD
449.33923721313477,248.5,244.0,0.75,450,HOLD
449.53626823425293,248.5,244.0,0.75,450,HOLD
449.67823672294617,248.5,244.0,0.75,450,HOLD
449.80529499053955,248.5,244.0,0.75,450,HOLD
449.923273563385,248.5,244.0,0.75,450,HOLD
450.05926871299744,248.4,244.0,0.75,450,HOLD
450.189270734787,248.4,244.0,0.75,450,HOLD
450.33323645591736,248.4,244.0,0.75,450,HOLD
450.4612362384796,248.3,244.0,0.75,450,HOLD
450.60426807403564,248.3,244.0,0.75,450,HOLD
450.77726888656616,248.3,244.0,0.75,450,HOLD
450.95127177238464,248.3,244.0,0.75,450,HOLD
451.0822615623474,248.3,244.0,0.75,450,HOLD
451.2332344055176,248.2,244.0,0.75,450,HOLD
451.3712697029114,248.2,244.0,0.75,450,HOLD
451.51523756980896,248.2,244.0,0.75,450,HOLD
451.63726902008057,248.2,244.0,0.75,450,HOLD
451.77026867866516,248.2,244.0,0.75,450,HOLD
451.907265663147,248.2,244.0,0.75,450,HOLD
452.0922396183014,248.1,244.0,0.75,450,HOLD
452.25126791000366,248.1,244.0,0.75,450,HOLD
452.3942406177521,248.1,244.0,0.75,450,HOLD
452.53726744651794,248.1,244.0,0.75,450,HOLD
452.66123938560486,248.1,244.0,0.75,450,HOLD
452.79323649406433,248.0,244.0,0.75,450,HOLD
452.93226957321167,248.0,244.0,0.75,450,HOLD
453.0772376060486,248.0,244.0,0.75,450,HOLD
453.21926832199097,248.0,244.0,0.75,450,HOLD
453.4082360267639,248.0,244.0,0.75,450,HOLD
453.55926847457886,248.0,244.0,0.75,450,HOLD
453.7022354602814,247.9,244.0,0.75,450,HOLD
453.8632378578186,247.9,244.0,0.75,450,HOLD
453.9822344779968,247.9,244.0,0.75,450,HOLD
454.11823534965515,247.8,244.0,0.75,450,HOLD
454.259241104126,247.8,244.0,0.75,450,HOLD
454.40123462677,247.7,244.0,0.75,450,HOLD
454.53227043151855,247.7,244.0,0.75,450,HOLD
454.732271194458,247.7,244.0,0.75,450,HOLD
454.91627168655396,247.7,244.0,0.75,450,HOLD
455.0552644729614,247.7,244.0,0.75,450,HOLD
455.1842346191406,247.6,244.0,0.75,450,HOLD
455.33226776123047,247.6,244.0,0.75,450,HOLD
455.4772369861603,247.6,244.0,0.75,450,HOLD
455.60427069664,247.5,244.0,0.75,450,HOLD
455.7692348957062,247.5,244.0,0.75,450,HOLD
455.94127130508423,247.4,244.0,0.75,450,HOLD
456.13126850128174,247.4,244.0,0.75,450,HOLD
456.2592399120331,247.4,244.0,0.75,450,HOLD
456.4022686481476,247.4,244.0,0.75,450,HOLD
456.5292429924011,247.4,244.0,0.75,450,HOLD
456.66626834869385,247.4,244.0,0.75,450,HOLD
456.8002665042877,247.4,244.0,0.75,450,HOLD
456.9432716369629,247.4,244.0,0.75,450,HOLD
457.0702700614929,247.4,244.0,0.75,450,HOLD
457.2012662887573,247.4,244.0,0.75,450,HOLD
457.38927006721497,247.4,244.0,0.75,450,HOLD
457.5592370033264,247.4,244.0,0.75,450,HOLD
457.69526767730713,247.3,244.0,0.75,450,HOLD
457.82524061203003,247.3,244.0,0.75,450,HOLD
457.96727108955383,247.3,244.0,0.75,450,HOLD
458.0972707271576,247.2,244.0,0.75,450,HOLD
458.2262399196625,247.2,244.0,0.75,450,HOLD
458.36425614356995,247.2,244.0,0.75,450,HOLD
458.4942388534546,247.1,244.0,0.75,450,HOLD
458.6682667732239,247.1,244.0,0.75,450,HOLD
458.8072397708893,247.0,244.0,0.75,450,HOLD
458.9432682991028,247.0,244.0,0.75,450,HOLD
459.0812921524048,247.0,244.0,0.75,450,HOLD
459.2122383117676,247.0,244.0,0.75,450,HOLD
459.3562741279602,247.0,244.0,0.75,450,HOLD
459.5202374458313,247.0,244.0,0.75,450,HOLD
459.6622769832611,246.9,244.0,0.75,450,HOLD
459.80226850509644,246.9,244.0,0.75,450,HOLD
459.961238861084,246.8,244.0,0.75,450,HOLD
460.171270608902,246.8,244.0,0.75,450,HOLD
460.30326867103577,246.8,244.0,0.75,450,HOLD
460.4462378025055,246.8,244.0,0.75,450,HOLD
460.5722703933716,246.8,244.0,0.75,450,HOLD
460.7002685070038,246.8,244.0,0.75,450,HOLD
460.8292417526245,246.7,244.0,0.75,450,HOLD
460.9582371711731,246.7,244.0,0.75,450,HOLD
461.1022684574127,246.7,244.0,0.75,450,HOLD
461.23827266693115,246.6,244.0,0.75,450,HOLD
461.4152669906616,246.6,244.0,0.75,450,HOLD
461.5932698249817,246.5,244.0,0.75,450,HOLD
461.72523856163025,246.5,244.0,0.75,450,HOLD
461.8662431240082,246.5,244.0,0.75,450,HOLD
462.0102686882019,246.5,244.0,0.75,450,HOLD
462.1342704296112,246.5,244.0,0.75,450,HOLD
462.26727080345154,246.5,244.0,0.75,450,HOLD
462.4252710342407,246.4,244.0,0.75,450,HOLD
462.5482347011566,246.4,244.0,0.75,450,HOLD
462.741238117218,246.4,244.0,0.75,450,HOLD
462.8952374458313,246.3,244.0,0.75,450,HOLD
463.03527092933655,246.3,244.0,0.75,450,HOLD
463.1762704849243,246.2,244.0,0.75,450,HOLD
463.3372700214386,246.2,244.0,0.75,450,HOLD
463.4642400741577,246.2,244.0,0.75,450,HOLD
463.5892708301544,246.2,244.0,0.75,450,HOLD
463.73826789855957,246.2,244.0,0.75,450,HOLD
463.87526965141296,246.2,244.0,0.75,450,HOLD
464.05527091026306,246.1,244.0,0.75,450,HOLD
464.21625900268555,246.1,244.0,0.75,450,HOLD
464.344274520874,246.1,244.0,0.75,450,HOLD
464.472279548645,246.0,244.0,0.75,450,HOLD
464.6192343235016,246.0,244.0,0.75,450,HOLD
464.75827074050903,246.0,244.0,0.75,450,HOLD
464.886271238327,245.9,244.0,0.75,450,HOLD
465.032267332077,245.9,244.0,0.75,450,HOLD
465.17026376724243,245.9,244.0,0.75,450,HOLD
465.31323528289795,245.9,244.0,0.75,450,HOLD
465.5002670288086,245.9,244.0,0.75,450,HOLD
465.63526821136475,245.8,244.0,0.75,450,HOLD
465.7612690925598,245.8,244.0,0.75,450,HOLD
465.90226674079895,245.8,244.0,0.75,450,HOLD
466.0382378101349,245.7,244.0,0.75,450,HOLD
466.1772699356079,245.7,244.0,0.75,450,HOLD
466.30628085136414,245.7,244.0,0.75,450,HOLD
466.4352345466614,245.6,244.0,0.75,450,HOLD
466.6232740879059,245.6,244.0,0.75,450,HOLD
466.8022677898407,245.6,244.0,0.75,450,HOLD
466.93227100372314,245.6,244.0,0.75,450,HOLD
467.0772657394409,245.6,244.0,0.75,450,HOLD
467.2062826156616,245.5,244.0,0.75,450,HOLD
467.348263502121,245.5,244.0,0.75,450,HOLD
467.4922709465027,245.5,244.0,0.75,450,HOLD
467.6362383365631,245.4,244.0,0.75,450,HOLD
467.7792387008667,245.4,244.0,0.75,450,HOLD
467.9182343482971,245.4,244.0,0.75,450,HOLD
468.07826471328735,245.3,244.0,0.75,450,HOLD
468.27327704429626,245.3,244.0,0.75,450,HOLD
468.3982684612274,245.2,244.0,0.75,450,HOLD
468.52927923202515,245.2,244.0,0.75,450,HOLD
468.65826892852783,245.2,244.0,0.75,450,HOLD
468.78626823425293,245.1,244.0,0.75,450,HOLD
468.92926716804504,245.1,244.0,0.75,450,HOLD
469.07223629951477,245.1,244.0,0.75,450,HOLD
469.1922698020935,245.0,244.0,0.75,450,HOLD
469.37330985069275,245.0,244.0,0.75,450,HOLD
469.5692677497864,245.0,244.0,0.75,450,HOLD
469.71223998069763,244.9,244.0,0.75,450,HOLD
469.8562729358673,244.9,244.0,0.75,450,HOLD
469.9852681159973,244.9,244.0,0.75,450,HOLD
470.10426926612854,244.8,244.0,0.75,450,HOLD
470.2382695674896,244.8,244.0,0.75,450,HOLD
470.38227343559265,244.7,244.0,0.75,450,HOLD
470.52924060821533,244.7,244.0,0.75,450,HOLD
470.7002682685852,244.7,244.0,0.75,450,HOLD
470.8632712364197,244.6,244.0,0.75,450,HOLD
470.9912369251251,244.6,244.0,0.75,450,HOLD
471.1332664489746,244.6,244.0,0.75,450,HOLD
471.2622447013855,244.5,244.0,0.75,450,HOLD
471.40628004074097,244.5,244.0,0.75,450,HOLD
471.52923822402954,244.5,244.0,0.75,450,HOLD
471.65627336502075,244.5,244.0,0.75,450,HOLD
471.80326867103577,244.5,244.0,0.75,450,HOLD
471.92523980140686,244.5,244.0,0.75,450,HOLD
472.0882365703583,244.4,244.0,0.75,450,HOLD
472.2762396335602,244.4,244.0,0.75,450,HOLD
472.4122371673584,244.2,244.0,0.75,450,HOLD
472.53927063941956,244.2,244.0,0.75,450,HOLD
472.6672682762146,244.2,244.0,0.75,450,HOLD
472.7962465286255,244.1,244.0,0.75,450,HOLD
472.94527292251587,244.1,244.0,0.75,450,HOLD
473.083238363266,244.1,244.0,0.75,450,HOLD
473.23326683044434,244.0,244.0,0.75,450,HOLD
473.38726925849915,244.0,244.0,0.75,450,HOLD
473.56323742866516,244.0,244.0,0.75,450,HOLD
473.7072379589081,243.9,244.0,0.75,450,HOLD
473.85026383399963,243.9,244.0,0.75,450,HOLD
473.97923707962036,243.9,244.0,0.75,450,HOLD
474.1342685222626,243.9,244.0,0.75,450,HOLD
474.2642719745636,243.9,244.0,0.75,450,HOLD
474.38923597335815,243.9,244.0,0.75,450,HOLD
474.5212712287903,243.8,244.0,0.75,450,HOLD
474.6812663078308,243.8,244.0,0.75,450,HOLD
474.8533024787903,243.7,244.0,0.75,450,HOLD
474.98034381866455,243.7,244.0,0.75,450,HOLD
475.176317691803,243.7,244.0,0.75,450,HOLD
475.30031085014343,243.6,244.0,0.75,450,HOLD
475.4313669204712,243.6,244.0,0.75,450,HOLD
475.5923402309418,243.5,244.0,0.75,450,HOLD
475.74734354019165,243.5,244.0,0.75,450,HOLD
475.88034296035767,243.5,244.0,0.75,450,HOLD
476.07033801078796,243.4,244.0,0.75,450,HOLD
476.22131419181824,243.4,244.0,0.75,450,HOLD
476.3593153953552,243.4,244.0,0.75,450,HOLD
476.50334334373474,243.4,244.0,0.75,450,HOLD
476.6463465690613,243.4,244.0,0.75,450,HOLD
476.81834650039673,243.3,244.0,0.75,450,HOLD
476.94733810424805,243.3,244.0,0.75,450,HOLD
477.0743455886841,243.3,244.0,0.75,450,HOLD
477.2583453655243,243.2,244.0,0.75,450,HOLD
477.42932868003845,243.2,244.0,0.75,450,HOLD
477.5743455886841,243.2,244.0,0.75,450,HOLD
477.71731758117676,243.1,244.0,0.75,450,HOLD
477.85634994506836,243.1,244.0,0.75,450,HOLD
477.9893488883972,243.1,244.0,0.75,450,HOLD
478.1313421726227,242.9,244.0,0.75,450,HOLD
478.27631306648254,242.9,244.0,0.75,450,HOLD
478.418345451355,242.9,244.0,0.75,450,HOLD
478.5803427696228,242.9,244.0,0.75,450,HOLD
478.7683455944061,242.9,244.0,0.75,450,HOLD
478.9153428077698,242.8,244.0,0.75,450,HOLD
479.04333901405334,242.8,244.0,0.75,450,HOLD
479.1703429222107,242.8,244.0,0.75,450,HOLD
479.31534361839294,242.7,244.0,0.75,450,HOLD
479.45932269096375,242.7,244.0,0.75,450,HOLD
479.60134291648865,242.5,244.0,0.75,450,HOLD
479.7413399219513,242.5,244.0,0.75,450,HOLD
479.88134360313416,242.5,244.0,0.75,450,HOLD
480.01533794403076,242.4,244.0,0.75,450,HOLD
480.1453502178192,242.4,244.0,0.75,450,HOLD
480.2863440513611,242.4,244.0,0.75,450,HOLD
480.41634798049927,242.3,244.0,0.75,450,HOLD
480.54633927345276,242.3,244.0,0.75,450,HOLD
480.68931341171265,242.3,244.0,0.75,450,HOLD
480.83131432533264,242.2,244.0,0.75,450,HOLD
480.9713132381439,242.2,244.0,0.75,450,HOLD
481.15231442451477,242.2,244.0,0.75,450,HOLD
481.2913522720337,242.2,244.0,0.75,450,HOLD
481.42434644699097,242.2,244.0,0.75,450,HOLD
481.56731486320496,242.2,244.0,0.75,450,HOLD
481.6963138580322,242.0,244.0,0.75,450,HOLD
481.8453197479248,242.0,244.0,0.75,450,HOLD
481.98231387138367,242.0,244.0,0.75,450,HOLD
482.1253170967102,241.9,244.0,0.75,450,HOLD
482.31831097602844,241.9,244.0,0.75,450,HOLD
482.51031398773193,241.8,244.0,0.75,450,HOLD
482.65531611442566,241.8,244.0,0.75,450,HOLD
482.7973439693451,241.7,244.0,0.75,450,HOLD
482.9403314590454,241.7,244.0,0.75,450,HOLD
483.0783152580261,241.7,244.0,0.75,450,HOLD
483.21234941482544,241.5,244.0,0.75,450,HOLD
483.3573224544525,241.5,244.0,0.75,450,HOLD
483.56231451034546,241.5,244.0,0.75,450,HOLD
483.7393147945404,241.4,244.0,0.75,450,HOLD
483.8783450126648,241.4,244.0,0.75,450,HOLD
484.02432131767273,241.3,244.0,0.75,450,HOLD
484.1723153591156,241.3,244.0,0.75,450,HOLD
484.31634497642517,241.3,244.0,0.75,450,HOLD
484.45834469795227,241.2,244.0,0.75,450,HOLD
484.6023139953613,241.2,244.0,0.75,450,HOLD
484.76431369781494,241.2,244.0,0.75,450,HOLD
484.9893476963043,241.2,244.0,0.75,450,HOLD
485.13033843040466,241.2,244.0,0.75,450,HOLD
485.2743151187897,241.1,244.0,0.75,450,HOLD
485.41834354400635,241.1,244.0,0.75,450,HOLD
485.5583152770996,241.1,244.0,0.75,450,HOLD
485.7053155899048,241.0,244.0,0.75,450,HOLD
485.83234333992004,241.0,244.0,0.75,450,HOLD
486.00934624671936,241.0,244.0,0.75,450,HOLD
486.19535064697266,241.0,244.0,0.75,450,HOLD
486.3353431224823,241.0,244.0,0.75,450,HOLD
486.49531722068787,241.0,244.0,0.75,450,HOLD
486.6333465576172,241.0,244.0,0.75,450,HOLD
486.77631640434265,241.0,244.0,0.75,450,HOLD
486.9203431606293,240.9,244.0,0.75,450,HOLD
487.06131386756897,240.9,244.0,0.75,450,HOLD
487.2353436946869,240.8,244.0,0.75,450,HOLD
487.4303469657898,240.8,244.0,0.75,450,HOLD
487.57534551620483,240.8,244.0,0.75,450,HOLD
487.7183437347412,240.7,244.0,0.75,450,HOLD
487.8583199977875,240.7,244.0,0.75,450,HOLD
488.0033435821533,240.7,244.0,0.75,450,HOLD
488.1333439350128,240.7,244.0,0.75,450,HOLD
488.26231479644775,240.7,244.0,0.75,450,HOLD
488.39834117889404,240.6,244.0,0.75,450,HOLD
488.5663118362427,240.6,244.0,0.75,450,HOLD
488.7103154659271,240.6,244.0,0.75,450,HOLD
488.8533444404602,240.6,244.0,0.75,450,HOLD
488.9933137893677,240.6,244.0,0.75,450,HOLD
489.13935232162476,240.6,244.0,0.75,450,HOLD
489.2843430042267,240.5,244.0,0.75,450,HOLD
489.423344373703,240.5,244.0,0.75,450,HOLD
489.5673439502716,240.5,244.0,0.75,450,HOLD
489.7303442955017,240.5,244.0,0.75,450,HOLD
489.8603141307831,240.5,244.0,0.75,450,HOLD
490.00234365463257,240.5,244.0,0.75,450,HOLD
490.17531633377075,240.5,244.0,0.75,450,HOLD
490.3043124675751,240.5,244.0,0.75,450,HOLD
490.4353377819061,240.4,244.0,0.75,450,HOLD
490.57833981513977,240.4,244.0,0.75,450,HOLD
490.723349571228,240.4,244.0,0.75,450,HOLD
490.9253137111664,240.4,244.0,0.75,450,HOLD
491.0723464488983,240.4,244.0,0.75,450,HOLD
491.229318857193,240.4,244.0,0.75,450,HOLD
491.3593153953552,240.4,244.0,0.75,450,HOLD
491.50533294677734,240.4,244.0,0.75,450,HOLD
491.64834570884705,240.4,244.0,0.75,450,HOLD
491.7923448085785,240.4,244.0,0.75,450,HOLD
491.931343793869,240.4,244.0,0.75,450,HOLD
492.1123614311218,240.4,244.0,0.75,450,HOLD
492.2713129520416,240.4,244.0,0.75,450,HOLD
492.39834356307983,240.4,244.0,0.75,450,HOLD
492.5423424243927,240.4,244.0,0.75,450,HOLD
492.6873450279236,240.4,244.0,0.75,450,HOLD
492.8273169994354,240.4,244.0,0.75,450,HOLD
492.9753451347351,240.4,244.0,0.75,450,HOLD
493.117338180542,240.4,244.0,0.75,450,HOLD
493.27831745147705,240.4,244.0,0.75,450,HOLD
493.45734429359436,240.4,244.0,0.75,450,HOLD
493.5933439731598,240.4,244.0,0.75,450,HOLD
493.7363429069519,240.4,244.0,0.75,450,HOLD
493.8693137168884,240.4,244.0,0.75,450,HOLD
493.99331617355347,240.4,244.0,0.75,450,HOLD
494.1513452529907,240.4,244.0,0.75,450,HOLD
494.30034375190735,240.4,244.0,0.75,450,HOLD
494.4343430995941,240.4,244.0,0.75,450,HOLD
494.5823438167572,240.4,244.0,0.75,450,HOLD
494.74831461906433,240.4,244.0,0.75,450,HOLD
494.8923134803772,240.4,244.0,0.75,450,HOLD
495.0413463115692,240.4,244.0,0.75,450,HOLD
495.17931509017944,240.4,244.0,0.75,450,HOLD
495.32234597206116,240.5,244.0,0.75,450,HOLD
495.4663438796997,240.5,244.0,0.75,450,HOLD
495.610342502594,240.5,244.0,0.75,450,HOLD
495.7513451576233,240.5,244.0,0.75,450,HOLD
495.9293155670166,240.5,244.0,0.75,450,HOLD
496.07534408569336,240.6,244.0,0.75,450,HOLD
496.21931314468384,240.6,244.0,0.75,450,HOLD
496.3623139858246,240.6,244.0,0.75,450,HOLD
496.4893443584442,240.6,244.0,0.75,450,HOLD
496.63331389427185,240.6,244.0,0.75,450,HOLD
496.7623574733734,240.6,244.0,0.75,450,HOLD
496.9003427028656,240.7,244.0,0.75,450,HOLD
497.07534074783325,240.7,244.0,0.75,450,HOLD
497.2733166217804,240.7,244.0,0.75,450,HOLD
497.41534638404846,240.7,244.0,0.75,450,HOLD
497.5593445301056,240.7,244.0,0.75,450,HOLD
497.682311296463,240.8,244.0,0.75,450,HOLD
497.83136773109436,240.8,244.0,0.75,450,HOLD
497.97534680366516,240.8,244.0,0.75,450,HOLD
498.0983428955078,240.9,244.0,0.75,450,HOLD
498.24734592437744,240.9,244.0,0.75,450,HOLD
498.4083399772644,241.0,244.0,0.75,450,HOLD
498.567342042923,241.0,244.0,0.75,450,HOLD
498.7093198299408,241.0,244.0,0.75,450,HOLD
498.86434388160706,241.0,244.0,0.75,450,HOLD
498.99734711647034,241.0,244.0,0.75,450,HOLD
499.1273465156555,241.0,244.0,0.75,450,HOLD
499.2693407535553,241.1,244.0,0.75,450,HOLD
499.39534521102905,241.1,244.0,0.75,450,HOLD
499.5723445415497,241.1,244.0,0.75,450,HOLD
499.70834589004517,241.1,244.0,0.75,450,HOLD
499.84634137153625,241.1,244.0,0.75,450,HOLD
499.98334312438965,241.1,244.0,0.75,450,HOLD
500.11534810066223,241.2,244.0,0.75,450,HOLD
500.2453272342682,241.2,244.0,0.75,450,HOLD
500.3873128890991,241.2,244.0,0.75,450,HOLD
500.52733969688416,241.2,244.0,0.75,450,HOLD
500.6573450565338,241.2,244.0,0.75,450,HOLD
500.8193430900574,241.3,244.0,0.75,450,HOLD
500.9623165130615,241.3,244.0,0.75,450,HOLD
501.1073212623596,241.3,244.0,0.75,450,HOLD
501.249342918396,241.4,244.0,0.75,450,HOLD
501.39434480667114,241.4,244.0,0.75,450,HOLD
501.5393464565277,241.4,244.0,0.75,450,HOLD
501.6824724674225,241.4,244.0,0.75,450,HOLD
501.822473526001,241.4,244.0,0.75,450,HOLD
501.9884731769562,241.4,244.0,0.75,450,HOLD
502.1294746398926,241.5,244.0,0.75,450,HOLD
502.25747656822205,241.5,244.0,0.75,450,HOLD
502.40047216415405,241.6,244.0,0.75,450,HOLD
502.54547595977783,241.6,244.0,0.75,450,HOLD
502.6844720840454,241.6,244.0,0.75,450,HOLD
502.8164722919464,241.7,244.0,0.75,450,HOLD
502.95547342300415,241.7,244.0,0.75,450,HOLD
503.10247230529785,241.7,244.0,0.75,450,HOLD
503.2634744644165,241.8,244.0,0.75,450,HOLD
503.42247438430786,241.8,244.0,0.75,450,HOLD
503.5735123157501,241.8,244.0,0.75,450,HOLD
503.7274754047394,241.9,244.0,0.75,450,HOLD
503.8715043067932,241.9,244.0,0.75,450,HOLD
504.0145049095154,242.0,244.0,0.75,450,HOLD
504.1584746837616,242.0,244.0,0.75,450,HOLD
504.2984743118286,242.0,244.0,0.75,450,HOLD
504.4755072593689,242.1,244.0,0.75,450,HOLD
504.605473279953,242.1,244.0,0.75,450,HOLD
504.72947931289673,242.1,244.0,0.75,450,HOLD
504.8764736652374,242.1,244.0,0.75,450,HOLD
505.02147221565247,242.1,244.0,0.75,450,HOLD
505.16347336769104,242.1,244.0,0.75,450,HOLD
505.30847358703613,242.1,244.0,0.75,450,HOLD
505.4524736404419,242.1,244.0,0.75,450,HOLD
505.6264750957489,242.3,244.0,0.75,450,HOLD
505.80447220802307,242.3,244.0,0.75,450,HOLD
505.947473526001,242.3,244.0,0.75,450,HOLD
506.08347153663635,242.4,244.0,0.75,450,HOLD
506.2194719314575,242.4,244.0,0.75,450,HOLD
506.34747338294983,242.4,244.0,0.75,450,HOLD
506.49147367477417,242.6,244.0,0.75,450,HOLD
506.6314718723297,242.6,244.0,0.75,450,HOLD
506.7764754295349,242.7,244.0,0.75,450,HOLD
506.95547366142273,242.7,244.0,0.75,450,HOLD
507.0964765548706,242.7,244.0,0.75,450,HOLD
507.24747371673584,242.8,244.0,0.75,450,HOLD
507.3854718208313,242.8,244.0,0.75,450,HOLD
507.5294761657715,242.8,244.0,0.75,450,HOLD
507.6724805831909,243.0,244.0,0.75,450,HOLD
507.816472530365,243.0,244.0,0.75,450,HOLD
507.94347310066223,243.0,244.0,0.75,450,HOLD
508.0934782028198,243.2,244.0,0.75,450,HOLD
508.2484736442566,243.2,244.0,0.75,450,HOLD
508.3924789428711,243.2,244.0,0.75,450,HOLD
508.5364727973938,243.3,244.0,0.75,450,HOLD
508.662478685379,243.3,244.0,0.75,450,HOLD
508.8024718761444,243.4,244.0,0.75,450,HOLD
508.9355044364929,243.4,244.0,0.75,450,HOLD
509.0794744491577,243.4,244.0,0.75,450,HOLD
509.21847224235535,243.6,244.0,0.75,450,HOLD
509.40447187423706,243.6,244.0,0.75,450,HOLD
509.54147458076477,243.6,244.0,0.75,450,HOLD
509.6704716682434,243.7,244.0,0.75,450,HOLD
509.8215026855469,243.7,244.0,0.75,450,HOLD
509.9574785232544,243.7,244.0,0.75,450,HOLD
510.08547282218933,243.7,244.0,0.75,450,HOLD
510.21350717544556,243.7,244.0,0.75,450,HOLD
510.35648369789124,243.7,244.0,0.75,450,HOLD
510.5184717178345,243.9,244.0,0.75,450,HOLD
510.6914780139923,243.9,244.0,0.75,450,HOLD
510.83647298812866,244.0,244.0,0.75,450,HOLD
510.97751021385193,244.0,244.0,0.75,450,HOLD
511.10547375679016,244.0,244.0,0.75,450,HOLD
511.2364718914032,244.2,244.0,0.75,450,HOLD
511.37947607040405,244.2,244.0,0.75,450,HOLD
511.51147627830505,244.2,244.0,0.75,450,HOLD
511.65047240257263,244.4,244.0,0.75,450,HOLD
511.83647179603577,244.4,244.0,0.75,450,HOLD
511.98547196388245,244.4,244.0,0.75,450,HOLD
512.115472316742,244.5,244.0,0.75,450,HOLD
512.2574763298035,244.5,244.0,0.75,450,HOLD
512.4015045166016,244.7,244.0,0.75,450,HOLD
512.5464742183685,244.7,244.0,0.75,450,HOLD
512.689475774765,244.7,244.0,0.75,450,HOLD
512.8134751319885,244.8,244.0,0.75,450,HOLD
512.9714722633362,244.8,244.0,0.75,450,HOLD
513.1544744968414,245.0,244.0,0.75,450,HOLD
513.3434748649597,245.0,244.0,0.75,450,HOLD
513.472473859787,245.0,244.0,0.75,450,HOLD
513.6324722766876,245.1,244.0,0.75,450,HOLD
513.7564814090729,245.1,244.0,0.75,450,HOLD
513.8884744644165,245.1,244.0,0.75,450,HOLD
514.0114738941193,245.2,244.0,0.75,450,HOLD
514.1394805908203,245.2,244.0,0.75,450,HOLD
514.2714731693268,245.2,244.0,0.75,450,HOLD
514.4464757442474,245.4,244.0,0.75,450,HOLD
514.5914940834045,245.4,244.0,0.75,450,HOLD
514.7334721088409,245.4,244.0,0.75,450,HOLD
514.8745069503784,245.4,244.0,0.75,450,HOLD
515.0214719772339,245.4,244.0,0.75,450,HOLD
515.150472164154,245.4,244.0,0.75,450,HOLD
515.2945067882538,245.6,244.0,0.75,450,HOLD
515.4204721450806,245.6,244.0,0.75,450,HOLD
515.545485496521,245.6,244.0,0.75,450,HOLD
515.6884729862213,245.8,244.0,0.75,450,HOLD
515.8854990005493,245.8,244.0,0.75,450,HOLD
516.0134720802307,245.9,244.0,0.75,450,HOLD
516.1574852466583,245.9,244.0,0.75,450,HOLD
516.3014731407166,245.9,244.0,0.75,450,HOLD
516.4414737224579,246.1,244.0,0.75,450,HOLD
516.5714724063873,246.1,244.0,0.75,450,HOLD
516.7164721488953,246.1,244.0,0.75,450,HOLD
516.8714723587036,246.3,244.0,0.75,450,HOLD
517.0624747276306,246.3,244.0,0.75,450,HOLD
517.2384734153748,246.4,244.0,0.75,450,HOLD
517.3744747638702,246.4,244.0,0.75,450,HOLD
517.5144720077515,246.4,244.0,0.75,450,HOLD
517.6584758758545,246.6,244.0,0.75,450,HOLD
517.7825047969818,246.6,244.0,0.75,450,HOLD
517.9154722690582,246.6,244.0,0.75,450,HOLD
518.0624804496765,246.8,244.0,0.75,450,HOLD
518.198472738266,246.8,244.0,0.75,450,HOLD
518.372474193573,246.9,244.0,0.75,450,HOLD
518.5854723453522,246.9,244.0,0.75,450,HOLD
518.7124795913696,246.9,244.0,0.75,450,HOLD
518.8564782142639,247.1,244.0,0.75,450,HOLD
518.9854714870453,247.1,244.0,0.75,450,HOLD
519.1084759235382,247.1,244.0,0.75,450,HOLD
519.2394759654999,247.2,244.0,0.75,450,HOLD
519.3644723892212,247.2,244.0,0.75,450,HOLD
519.4964785575867,247.2,244.0,0.75,450,HOLD
519.6354718208313,247.2,244.0,0.75,450,HOLD
519.7774751186371,247.2,244.0,0.75,450,HOLD
519.9394750595093,247.2,244.0,0.75,450,HOLD
520.0714724063873,248.3,244.0,0.75,450,HOLD
520.199471950531,248.3,244.0,0.75,450,HOLD
520.3484723567963,248.3,244.0,0.75,450,HOLD
520.4944746494293,248.4,244.0,0.75,450,HOLD
520.6295104026794,248.4,244.0,0.75,450,HOLD
520.7584755420685,248.4,244.0,0.75,450,HOLD
520.8874988555908,248.5,244.0,0.75,450,HOLD
521.0294778347015,248.5,244.0,0.75,450,HOLD
521.1884725093842,248.6,244.0,0.75,450,HOLD
521.3634722232819,248.6,244.0,0.75,450,HOLD
521.5084736347198,248.6,244.0,0.75,450,HOLD
521.6385054588318,248.8,244.0,0.75,450,HOLD
521.7814729213715,248.8,244.0,0.75,450,HOLD
521.9244773387909,248.8,244.0,0.75,450,HOLD
522.0664718151093,248.8,244.0,0.75,450,HOLD
522.1924748420715,248.8,244.0,0.75,450,HOLD
522.3354721069336,248.8,244.0,0.75,450,HOLD
522.4934732913971,248.8,244.0,0.75,450,HOLD
522.6914737224579,248.8,244.0,0.75,450,HOLD
522.8194718360901,248.8,244.0,0.75,450,HOLD
522.9704716205597,248.8,244.0,0.75,450,HOLD
523.1064779758453,248.8,244.0,0.75,450,HOLD
523.2504734992981,248.8,244.0,0.75,450,HOLD
523.3954765796661,248.8,244.0,0.75,450,HOLD
523.5394780635834,248.8,244.0,0.75,450,HOLD
523.7074749469757,248.9,244.0,0.75,450,HOLD
523.857476234436,248.9,244.0,0.75,450,HOLD
524.0024721622467,249.0,244.0,0.75,450,HOLD
524.1454749107361,249.0,244.0,0.75,450,HOLD
524.2864723205566,249.0,244.0,0.75,450,HOLD
524.4304757118225,249.0,244.0,0.75,450,HOLD
524.5614750385284,249.0,244.0,0.75,450,HOLD
524.6884732246399,249.0,244.0,0.75,450,HOLD
524.8284738063812,249.0,244.0,0.75,450,HOLD
524.958503484726,249.0,244.0,0.75,450,HOLD
525.1494722366333,249.0,244.0,0.75,450,HOLD
525.3285057544708,249.1,244.0,0.75,450,HOLD
525.4625141620636,249.1,244.0,0.75,450,HOLD
525.6034719944,249.2,244.0,0.75,450,HOLD
525.7434749603271,249.2,244.0,0.75,450,HOLD
525.8754744529724,249.2,244.0,0.75,450,HOLD
526.0105047225952,249.3,244.0,0.75,450,HOLD
526.1414742469788,249.3,244.0,0.75,450,HOLD
526.2684721946716,249.3,244.0,0.75,450,HOLD
526.4564769268036,249.4,244.0,0.75,450,HOLD
526.6384780406952,249.4,244.0,0.75,450,HOLD
526.765472650528,249.4,244.0,0.75,450,HOLD
526.8934998512268,249.5,244.0,0.75,450,HOLD
527.0264785289764,249.5,244.0,0.75,450,HOLD
527.16348528862,249.5,244.0,0.75,450,HOLD
527.309473991394,249.6,244.0,0.75,450,HOLD
527.4495048522949,249.6,244.0,0.75,450,HOLD
527.5924730300903,249.6,244.0,0.75,450,HOLD
527.751472234726,249.6,244.0,0.75,450,HOLD
527.9174721240997,249.6,244.0,0.75,450,HOLD
528.0584740638733,249.7,244.0,0.75,450,HOLD
528.2044718265533,249.7,244.0,0.75,450,HOLD
528.3474717140198,249.7,244.0,0.75,450,HOLD
528.4844717979431,249.7,244.0,0.75,450,HOLD
528.6234798431396,249.7,244.0,0.75,450,HOLD
528.7584757804871,249.7,244.0,0.75,450,HOLD
528.8904793262482,249.8,244.0,0.75,450,HOLD
529.0664718151093,249.8,244.0,0.75,450,HOLD
529.2415070533752,249.8,244.0,0.75,450,HOLD
529.3704719543457,249.8,244.0,0.75,450,HOLD
529.5114738941193,249.8,244.0,0.75,450,HOLD
529.6634888648987,249.8,244.0,0.75,450,HOLD
529.7954757213593,249.8,244.0,0.75,450,HOLD
529.925475358963,249.8,244.0,0.75,450,HOLD
530.0694720745087,249.9,244.0,0.75,450,HOLD
530.2054736614227,249.9,244.0,0.75,450,HOLD
530.3554747104645,249.9,244.0,0.75,450,HOLD
530.5525035858154,249.9,244.0,0.75,450,HOLD
530.688473701477,249.9,244.0,0.75,450,HOLD
530.8234794139862,250.0,244.0,0.75,450,HOLD
530.9484722614288,250.0,244.0,0.75,450,HOLD
531.1064767837524,250.0,244.0,0.75,450,HOLD
531.2384769916534,250.0,244.0,0.75,450,HOLD
531.3674759864807,250.0,244.0,0.75,450,HOLD
531.5044717788696,250.0,244.0,0.75,450,HOLD
531.650472164154,250.0,244.0,0.75,450,HOLD
531.8464748859406,250.0,244.0,0.75,450,HOLD
531.9894740581512,250.0,244.0,0.75,450,HOLD
532.1334719657898,250.1,244.0,0.75,450,HOLD
532.2614769935608,250.1,244.0,0.75,450,HOLD
532.4114799499512,250.1,244.0,0.75,450,HOLD
532.5494756698608,250.1,244.0,0.75,450,HOLD
532.6924743652344,250.1,244.0,0.75,450,HOLD
532.8364725112915,250.1,244.0,0.75,450,HOLD
532.9914739131927,250.1,244.0,0.75,450,HOLD
533.1725022792816,250.1,244.0,0.75,450,HOLD
533.2994723320007,250.2,244.0,0.75,450,HOLD
533.4274744987488,250.2,244.0,0.75,450,HOLD
533.572475194931,250.2,244.0,0.75,450,HOLD
533.7124781608582,250.2,244.0,0.75,450,HOLD
533.8414735794067,250.2,244.0,0.75,450,HOLD
533.9714725017548,250.2,244.0,0.75,450,HOLD
534.0924751758575,250.2,244.0,0.75,450,HOLD
534.2584745883942,250.2,244.0,0.75,450,HOLD
534.435471534729,250.2,244.0,0.75,450,HOLD
534.5784757137299,250.2,244.0,0.75,450,HOLD
534.702472448349,250.2,244.0,0.75,450,HOLD
534.8494720458984,250.2,244.0,0.75,450,HOLD
534.9934732913971,250.2,244.0,0.75,450,HOLD
535.1375036239624,250.2,244.0,0.75,450,HOLD
535.2624750137329,250.2,244.0,0.75,450,HOLD
535.3914749622345,250.2,244.0,0.75,450,HOLD
535.5784757137299,250.2,244.0,0.75,450,HOLD
535.7614760398865,250.2,244.0,0.75,450,HOLD
535.9055025577545,250.2,244.0,0.75,450,HOLD
536.0484735965729,250.3,244.0,0.75,450,HOLD
536.1744742393494,250.3,244.0,0.75,450,HOLD
536.3204720020294,250.3,244.0,0.75,450,HOLD
536.4474718570709,250.3,244.0,0.75,450,HOLD
536.5914971828461,250.3,244.0,0.75,450,HOLD
536.7334733009338,250.3,244.0,0.75,450,HOLD
536.8564791679382,250.3,244.0,0.75,450,HOLD
537.0354719161987,250.3,244.0,0.75,450,HOLD
537.2144722938538,250.3,244.0,0.75,450,HOLD
537.3514719009399,250.3,244.0,0.75,450,HOLD
537.5034718513489,250.3,244.0,0.75,450,HOLD
537.6454751491547,250.3,244.0,0.75,450,HOLD
537.7894766330719,250.3,244.0,0.75,450,HOLD
537.9294753074646,250.3,244.0,0.75,450,HOLD
538.0764741897583,250.3,244.0,0.75,450,HOLD
538.266473531723,250.3,244.0,0.75,450,HOLD
538.4244754314423,250.3,244.0,0.75,450,HOLD
538.6044723987579,250.3,244.0,0.75,450,HOLD
538.7444908618927,250.3,244.0,0.75,450,HOLD
538.8914732933044,250.3,244.0,0.75,450,HOLD
539.031506061554,250.3,244.0,0.75,450,HOLD
539.1794736385345,250.3,244.0,0.75,450,HOLD
539.3035044670105,250.3,244.0,0.75,450,HOLD
539.440479516983,250.3,244.0,0.75,450,HOLD
539.5714724063873,250.3,244.0,0.75,450,HOLD
539.7534732818604,250.3,244.0,0.75,450,HOLD
539.9294912815094,250.3,244.0,0.75,450,HOLD
540.0904762744904,250.2,244.0,0.75,450,HOLD
540.2314722537994,250.2,244.0,0.75,450,HOLD
540.3664727210999,250.2,244.0,0.75,450,HOLD
540.5014719963074,250.2,244.0,0.75,450,HOLD
540.6335110664368,250.2,244.0,0.75,450,HOLD
540.7744781970978,250.2,244.0,0.75,450,HOLD
540.9014718532562,250.2,244.0,0.75,450,HOLD
541.096483707428,250.2,244.0,0.75,450,HOLD
541.2554757595062,250.1,244.0,0.75,450,HOLD
541.3794746398926,250.1,244.0,0.75,450,HOLD
541.5124759674072,250.1,244.0,0.75,450,HOLD
541.639479637146,250.1,244.0,0.75,450,HOLD
541.7634754180908,250.1,244.0,0.75,450,HOLD
541.9124751091003,250.1,244.0,0.75,450,HOLD
542.0504722595215,250.1,244.0,0.75,450,HOLD
542.1794767379761,250.1,244.0,0.75,450,HOLD
542.3065013885498,250.1,244.0,0.75,450,HOLD
542.4864721298218,250.0,244.0,0.75,450,HOLD
542.6454782485962,250.0,244.0,0.75,450,HOLD
542.7744746208191,250.0,244.0,0.75,450,HOLD
542.9005045890808,250.0,244.0,0.75,450,HOLD
543.0295090675354,250.0,244.0,0.75,450,HOLD
543.1694719791412,250.0,244.0,0.75,450,HOLD
543.3014743328094,250.0,244.0,0.75,450,HOLD
543.4294781684875,250.0,244.0,0.75,450,HOLD
543.5684723854065,250.0,244.0,0.75,450,HOLD
543.6964848041534,250.0,244.0,0.75,450,HOLD
543.871472120285,250.0,244.0,0.75,450,HOLD
544.0574786663055,249.9,244.0,0.75,450,HOLD
544.1914734840393,249.9,244.0,0.75,450,HOLD
544.3234932422638,249.9,244.0,0.75,450,HOLD
544.4644722938538,249.9,244.0,0.75,450,HOLD
544.5985054969788,249.9,244.0,0.75,450,HOLD
544.7394754886627,249.9,244.0,0.75,450,HOLD
544.8884737491608,249.9,244.0,0.75,450,HOLD
545.0264732837677,249.9,244.0,0.75,450,HOLD
545.2184720039368,249.8,244.0,0.75,450,HOLD
545.3894772529602,249.8,244.0,0.75,450,HOLD
545.5385065078735,249.8,244.0,0.75,450,HOLD
545.6814737319946,249.8,244.0,0.75,450,HOLD
545.8254737854004,249.8,244.0,0.75,450,HOLD
545.9535045623779,249.8,244.0,0.75,450,HOLD
546.0964748859406,249.8,244.0,0.75,450,HOLD
546.240475654602,249.8,244.0,0.75,450,HOLD
546.3774762153625,249.7,244.0,0.75,450,HOLD
546.5574748516083,249.7,244.0,0.75,450,HOLD
546.7205069065094,249.7,244.0,0.75,450,HOLD
546.8634765148163,249.7,244.0,0.75,450,HOLD
546.9924755096436,249.7,244.0,0.75,450,HOLD
547.1194779872894,249.7,244.0,0.75,450,HOLD
547.2464747428894,249.6,244.0,0.75,450,HOLD
547.3914766311646,249.6,244.0,0.75,450,HOLD
547.5304811000824,249.6,244.0,0.75,450,HOLD
547.678478717804,249.5,244.0,0.75,450,HOLD
547.8024733066559,249.5,244.0,0.75,450,HOLD
547.9834718704224,249.5,244.0,0.75,450,HOLD
548.1424753665924,249.4,244.0,0.75,450,HOLD
548.2804744243622,249.4,244.0,0.75,450,HOLD
548.4244759082794,249.4,244.0,0.75,450,HOLD
548.5574772357941,249.4,244.0,0.75,450,HOLD
548.6964757442474,249.4,244.0,0.75,450,HOLD
548.8454773426056,249.3,244.0,0.75,450,HOLD
548.9734766483307,249.3,244.0,0.75,450,HOLD
549.1144716739655,249.3,244.0,0.75,450,HOLD
549.2754740715027,249.3,244.0,0.75,450,HOLD
549.443473815918,249.3,244.0,0.75,450,HOLD
549.5964741706848,249.3,244.0,0.75,450,HOLD
549.7415075302124,249.2,244.0,0.75,450,HOLD
549.8884725570679,249.2,244.0,0.75,450,HOLD
550.0284824371338,249.1,244.0,0.75,450,HOLD
550.1554846763611,249.1,244.0,0.75,450,HOLD
550.298505783081,249.1,244.0,0.75,450,HOLD
550.426474571228,249.0,244.0,0.75,450,HOLD
550.6464750766754,249.0,244.0,0.75,450,HOLD
550.8254780769348,249.0,244.0,0.75,450,HOLD
550.9504721164703,249.0,244.0,0.75,450,HOLD
551.095477104187,249.0,244.0,0.75,450,HOLD
551.2434759140015,248.9,244.0,0.75,450,HOLD
551.3964803218842,248.9,244.0,0.75,450,HOLD
551.5244743824005,248.9,244.0,0.75,450,HOLD
551.6574833393097,248.8,244.0,0.75,450,HOLD
551.8004741668701,248.8,244.0,0.75,450,HOLD
551.9934730529785,248.7,244.0,0.75,450,HOLD
552.165486574173,248.7,244.0,0.75,450,HOLD
552.3124761581421,248.7,244.0,0.75,450,HOLD
552.4404859542847,248.7,244.0,0.75,450,HOLD
552.5814731121063,248.7,244.0,0.75,450,HOLD
552.7285015583038,248.7,244.0,0.75,450,HOLD
552.8554780483246,248.6,244.0,0.75,450,HOLD
552.9965069293976,248.6,244.0,0.75,450,HOLD
553.1284747123718,248.6,244.0,0.75,450,HOLD
553.2704718112946,248.6,244.0,0.75,450,HOLD
553.4464735984802,248.6,244.0,0.75,450,HOLD
553.60147356987,248.6,244.0,0.75,450,HOLD
553.7294952869415,248.5,244.0,0.75,450,HOLD
553.8774771690369,248.5,244.0,0.75,450,HOLD
554.0074768066406,248.4,244.0,0.75,450,HOLD
554.1494736671448,248.4,244.0,0.75,450,HOLD
554.276474237442,248.4,244.0,0.75,450,HOLD
554.412481546402,248.3,244.0,0.75,450,HOLD
554.5494740009308,248.3,244.0,0.75,450,HOLD
554.738472700119,248.3,244.0,0.75,450,HOLD
554.9004724025726,248.3,244.0,0.75,450,HOLD
555.0454761981964,248.3,244.0,0.75,450,HOLD
555.188472032547,248.3,244.0,0.75,450,HOLD
555.3314752578735,248.2,244.0,0.75,450,HOLD
555.45947432518,248.2,244.0,0.75,450,HOLD
555.6094739437103,248.1,244.0,0.75,450,HOLD
555.7474720478058,248.1,244.0,0.75,450,HOLD
555.8995039463043,248.1,244.0,0.75,450,HOLD
556.0614762306213,248.0,244.0,0.75,450,HOLD
556.2584779262543,248.0,244.0,0.75,450,HOLD
556.4034733772278,248.0,244.0,0.75,450,HOLD
556.5464737415314,248.0,244.0,0.75,450,HOLD
556.6745073795319,248.0,244.0,0.75,450,HOLD
556.8024716377258,247.9,244.0,0.75,450,HOLD
556.9414756298065,247.9,244.0,0.75,450,HOLD
557.0725057125092,247.9,244.0,0.75,450,HOLD
557.2024717330933,247.8,244.0,0.75,450,HOLD
557.4094748497009,247.8,244.0,0.75,450,HOLD
557.5694720745087,247.8,244.0,0.75,450,HOLD
557.7484731674194,247.8,244.0,0.75,450,HOLD
557.8874719142914,247.8,244.0,0.75,450,HOLD
558.0314784049988,247.8,244.0,0.75,450,HOLD
558.1604762077332,247.8,244.0,0.75,450,HOLD
558.3034718036652,247.8,244.0,0.75,450,HOLD
558.4434747695923,247.7,244.0,0.75,450,HOLD
558.5714740753174,247.7,244.0,0.75,450,HOLD
558.7054755687714,247.7,244.0,0.75,450,HOLD
558.8834722042084,247.7,244.0,0.75,450,HOLD
559.0714740753174,247.7,244.0,0.75,450,HOLD
559.2124743461609,247.6,244.0,0.75,450,HOLD
559.3594760894775,247.6,244.0,0.75,450,HOLD
559.5034718513489,247.6,244.0,0.75,450,HOLD
559.6414754390717,247.5,244.0,0.75,450,HOLD
559.7734768390656,247.5,244.0,0.75,450,HOLD
559.9184718132019,247.5,244.0,0.75,450,HOLD
560.1044723987579,247.5,244.0,0.75,450,HOLD
560.3024716377258,247.5,244.0,0.75,450,HOLD
560.4424736499786,247.4,244.0,0.75,450,HOLD
560.5884726047516,247.4,244.0,0.75,450,HOLD
560.737471818924,247.4,244.0,0.75,450,HOLD
560.8714723587036,247.4,244.0,0.75,450,HOLD
561.0054774284363,247.4,244.0,0.75,450,HOLD
561.146475315094,247.4,244.0,0.75,450,HOLD
561.2754762172699,247.3,244.0,0.75,450,HOLD
561.4154744148254,247.3,244.0,0.75,450,HOLD
561.6054809093475,247.2,244.0,0.75,450,HOLD
561.80251121521,247.2,244.0,0.75,450,HOLD
561.9314749240875,247.2,244.0,0.75,450,HOLD
562.0654735565186,247.2,244.0,0.75,450,HOLD
562.203471660614,247.2,244.0,0.75,450,HOLD
562.3394784927368,247.2,244.0,0.75,450,HOLD
562.4894759654999,247.1,244.0,0.75,450,HOLD
562.6324725151062,247.1,244.0,0.75,450,HOLD
562.7754731178284,247.1,244.0,0.75,450,HOLD
562.9614844322205,247.1,244.0,0.75,450,HOLD
563.1454832553864,247.1,244.0,0.75,450,HOLD
563.2874717712402,246.9,244.0,0.75,450,HOLD
563.4165081977844,246.9,244.0,0.75,450,HOLD
563.5454771518707,246.9,244.0,0.75,450,HOLD
563.688473701477,246.8,244.0,0.75,450,HOLD
563.8285140991211,246.8,244.0,0.75,450,HOLD
563.958473443985,246.8,244.0,0.75,450,HOLD
564.0854725837708,246.7,244.0,0.75,450,HOLD
564.2614769935608,246.7,244.0,0.75,450,HOLD
564.4065146446228,246.7,244.0,0.75,450,HOLD
564.5354719161987,246.6,244.0,0.75,450,HOLD
564.6994738578796,246.6,244.0,0.75,450,HOLD
564.844473361969,246.5,244.0,0.75,450,HOLD
564.9964804649353,246.5,244.0,0.75,450,HOLD
565.1534717082977,246.5,244.0,0.75,450,HOLD
565.2794785499573,246.4,244.0,0.75,450,HOLD
565.4404764175415,246.4,244.0,0.75,450,HOLD
565.6004736423492,246.4,244.0,0.75,450,HOLD
565.7315049171448,246.2,244.0,0.75,450,HOLD
565.871472120285,246.2,244.0,0.75,450,HOLD
566.0214726924896,246.1,244.0,0.75,450,HOLD
566.1624751091003,246.1,244.0,0.75,450,HOLD
566.2884731292725,246.1,244.0,0.75,450,HOLD
566.4204759597778,246.0,244.0,0.75,450,HOLD
566.560487985611,246.0,244.0,0.75,450,HOLD
566.7184717655182,246.0,244.0,0.75,450,HOLD
566.8984749317169,245.9,244.0,0.75,450,HOLD
567.0434737205505,245.9,244.0,0.75,450,HOLD
567.170471906662,245.9,244.0,0.75,450,HOLD
567.3144719600677,245.8,244.0,0.75,450,HOLD
567.4674715995789,245.8,244.0,0.75,450,HOLD
567.6024725437164,245.8,244.0,0.75,450,HOLD
567.7484726905823,245.8,244.0,0.75,450,HOLD
567.9054751396179,245.8,244.0,0.75,450,HOLD
568.077474117279,245.7,244.0,0.75,450,HOLD
568.2534718513489,245.7,244.0,0.75,450,HOLD
568.3894731998444,245.7,244.0,0.75,450,HOLD
568.5255010128021,245.5,244.0,0.75,450,HOLD
568.6604740619659,245.5,244.0,0.75,450,HOLD
568.8064851760864,245.5,244.0,0.75,450,HOLD
568.9454770088196,245.4,244.0,0.75,450,HOLD
569.089478969574,245.4,244.0,0.75,450,HOLD
569.2274765968323,245.3,244.0,0.75,450,HOLD
569.3554744720459,245.3,244.0,0.75,450,HOLD
569.5634758472443,245.2,244.0,0.75,450,HOLD
569.7554750442505,245.2,244.0,0.75,450,HOLD
569.9034717082977,245.2,244.0,0.75,450,HOLD
570.0464720726013,245.1,244.0,0.75,450,HOLD
570.1884725093842,245.1,244.0,0.75,450,HOLD
570.3194718360901,245.1,244.0,0.75,450,HOLD
570.462474822998,245.0,244.0,0.75,450,HOLD
570.605476140976,245.0,244.0,0.75,450,HOLD
570.727475643158,245.0,244.0,0.75,450,HOLD
570.921472787857,244.9,244.0,0.75,450,HOLD
571.0964744091034,244.9,244.0,0.75,450,HOLD
571.227475643158,244.8,244.0,0.75,450,HOLD
571.3564794063568,244.8,244.0,0.75,450,HOLD
571.4814722537994,244.8,244.0,0.75,450,HOLD
571.619472026825,244.7,244.0,0.75,450,HOLD
571.7564759254456,244.7,244.0,0.75,450,HOLD
571.8964743614197,244.7,244.0,0.75,450,HOLD
572.0264739990234,244.6,244.0,0.75,450,HOLD
572.1674716472626,244.6,244.0,0.75,450,HOLD
572.3794741630554,244.6,244.0,0.75,450,HOLD
572.5404784679413,244.6,244.0,0.75,450,HOLD
572.6934752464294,244.6,244.0,0.75,450,HOLD
572.8264734745026,244.5,244.0,0.75,450,HOLD
572.9654743671417,244.5,244.0,0.75,450,HOLD
573.0934739112854,244.5,244.0,0.75,450,HOLD
573.22647356987,244.4,244.0,0.75,450,HOLD
573.3674719333649,244.4,244.0,0.75,450,HOLD
573.5284736156464,244.4,244.0,0.75,450,HOLD
573.7184722423553,244.3,244.0,0.75,450,HOLD
573.8624775409698,244.3,244.0,0.75,450,HOLD
574.0084760189056,244.3,244.0,0.75,450,HOLD
574.1364727020264,244.2,244.0,0.75,450,HOLD
574.2624747753143,244.2,244.0,0.75,450,HOLD
574.391478061676,244.2,244.0,0.75,450,HOLD
574.5354979038239,244.1,244.0,0.75,450,HOLD
574.6794748306274,244.1,244.0,0.75,450,HOLD
574.8384761810303,244.1,244.0,0.75,450,HOLD
575.0054733753204,244.1,244.0,0.75,450,HOLD
575.1444747447968,244.1,244.0,0.75,450,HOLD
575.2854745388031,244.0,244.0,0.75,450,HOLD
575.4144716262817,244.0,244.0,0.75,450,HOLD
575.5384776592255,244.0,244.0,0.75,450,HOLD
575.6865038871765,243.9,244.0,0.75,450,HOLD
575.8144719600677,243.9,244.0,0.75,450,HOLD
575.9424729347229,243.9,244.0,0.75,450,HOLD
576.0854728221893,243.8,244.0,0.75,450,HOLD
576.2794744968414,243.8,244.0,0.75,450,HOLD
576.4214725494385,243.7,244.0,0.75,450,HOLD
576.592474937439,243.7,244.0,0.75,450,HOLD
576.7284736633301,243.7,244.0,0.75,450,HOLD
576.868492603302,243.6,244.0,0.75,450,HOLD
577.0124747753143,243.6,244.0,0.75,450,HOLD
577.1384773254395,243.6,244.0,0.75,450,HOLD
577.2694718837738,243.6,244.0,0.75,450,HOLD
577.4134721755981,243.6,244.0,0.75,450,HOLD
577.5874717235565,243.6,244.0,0.75,450,HOLD
577.7095124721527,243.5,244.0,0.75,450,HOLD
577.8425056934357,243.5,244.0,0.75,450,HOLD
577.9714722633362,243.5,244.0,0.75,450,HOLD
578.1124756336212,243.4,244.0,0.75,450,HOLD
578.2454769611359,243.4,244.0,0.75,450,HOLD
578.402505159378,243.4,244.0,0.75,450,HOLD
578.5294823646545,243.2,244.0,0.75,450,HOLD
578.65949177742,243.2,244.0,0.75,450,HOLD
578.838475227356,243.2,244.0,0.75,450,HOLD
578.9754765033722,243.2,244.0,0.75,450,HOLD
579.1054751873016,243.2,244.0,0.75,450,HOLD
579.2644753456116,243.1,244.0,0.75,450,HOLD
579.3934750556946,243.1,244.0,0.75,450,HOLD
579.5374717712402,243.1,244.0,0.75,450,HOLD
579.6794760227203,243.0,244.0,0.75,450,HOLD
579.806478023529,243.0,244.0,0.75,450,HOLD
579.9944739341736,242.9,244.0,0.75,450,HOLD
580.1554760932922,242.9,244.0,0.75,450,HOLD
580.3344724178314,242.9,244.0,0.75,450,HOLD
580.4784767627716,242.8,244.0,0.75,450,HOLD
580.6074769496918,242.8,244.0,0.75,450,HOLD
580.7294774055481,242.8,244.0,0.75,450,HOLD
580.8584744930267,242.7,244.0,0.75,450,HOLD
581.0064785480499,242.7,244.0,0.75,450,HOLD
581.150472164154,242.7,244.0,0.75,450,HOLD
581.2894763946533,242.6,244.0,0.75,450,HOLD
581.4714725017548,242.6,244.0,0.75,450,HOLD
581.6125156879425,242.6,244.0,0.75,450,HOLD
581.757474899292,242.5,244.0,0.75,450,HOLD
581.902471780777,242.5,244.0,0.75,450,HOLD
582.0455107688904,242.5,244.0,0.75,450,HOLD
582.1724743843079,242.5,244.0,0.75,450,HOLD
582.3164718151093,242.5,244.0,0.75,450,HOLD
582.4614748954773,242.4,244.0,0.75,450,HOLD
582.6534717082977,242.4,244.0,0.75,450,HOLD
582.7955055236816,242.4,244.0,0.75,450,HOLD
582.9224739074707,242.3,244.0,0.75,450,HOLD
583.0834736824036,242.3,244.0,0.75,450,HOLD
583.2284746170044,242.1,244.0,0.75,450,HOLD
583.3694717884064,242.1,244.0,0.75,450,HOLD
583.4985067844391,242.1,244.0,0.75,450,HOLD
583.6274755001068,242.1,244.0,0.75,450,HOLD
583.8334720134735,242.1,244.0,0.75,450,HOLD
583.97447514534,242.1,244.0,0.75,450,HOLD
584.1234924793243,241.9,244.0,0.75,450,HOLD
584.2664723396301,241.9,244.0,0.75,450,HOLD
584.4104735851288,241.9,244.0,0.75,450,HOLD
584.5594747066498,241.8,244.0,0.75,450,HOLD
584.6964838504791,241.8,244.0,0.75,450,HOLD
584.8364720344543,241.7,244.0,0.75,450,HOLD
584.9844722747803,241.7,244.0,0.75,450,HOLD
585.1574771404266,241.7,244.0,0.75,450,HOLD
585.2884860038757,241.6,244.0,0.75,450,HOLD
585.4324717521667,241.6,244.0,0.75,450,HOLD
585.573480129242,241.6,244.0,0.75,450,HOLD
585.7034718990326,241.5,244.0,0.75,450,HOLD
585.8264744281769,241.5,244.0,0.75,450,HOLD
585.9744760990143,241.5,244.0,0.75,450,HOLD
586.1194722652435,241.5,244.0,0.75,450,HOLD
586.2804741859436,241.5,244.0,0.75,450,HOLD
586.4224746227264,241.4,244.0,0.75,450,HOLD
586.5634751319885,241.4,244.0,0.75,450,HOLD
586.711473941803,241.4,244.0,0.75,450,HOLD
586.8664758205414,241.4,244.0,0.75,450,HOLD
586.996484041214,241.4,244.0,0.75,450,HOLD
587.1254739761353,241.4,244.0,0.75,450,HOLD
587.270473241806,241.3,244.0,0.75,450,HOLD
587.4084739685059,241.3,244.0,0.75,450,HOLD
587.5844719409943,241.3,244.0,0.75,450,HOLD
587.7324721813202,241.2,244.0,0.75,450,HOLD
587.876473903656,241.2,244.0,0.75,450,HOLD
588.0204749107361,241.1,244.0,0.75,450,HOLD
588.1584763526917,241.1,244.0,0.75,450,HOLD
588.2914741039276,241.1,244.0,0.75,450,HOLD
588.4364721775055,241.0,244.0,0.75,450,HOLD
588.5734808444977,241.0,244.0,0.75,450,HOLD
588.7194719314575,241.0,244.0,0.75,450,HOLD
588.8985092639923,241.0,244.0,0.75,450,HOLD
589.022474527359,241.0,244.0,0.75,450,HOLD
589.1634728908539,241.0,244.0,0.75,450,HOLD
589.3034715652466,240.9,244.0,0.75,450,HOLD
589.4584786891937,240.9,244.0,0.75,450,HOLD
589.6015040874481,240.9,244.0,0.75,450,HOLD
589.7294752597809,240.9,244.0,0.75,450,HOLD
589.8574893474579,240.9,244.0,0.75,450,HOLD
590.023476600647,240.8,244.0,0.75,450,HOLD
590.1614735126495,240.8,244.0,0.75,450,HOLD
590.3054828643799,240.8,244.0,0.75,450,HOLD
590.4324760437012,240.8,244.0,0.75,450,HOLD
590.561473608017,240.8,244.0,0.75,450,HOLD
590.703471660614,240.8,244.0,0.75,450,HOLD
590.8264737129211,240.7,244.0,0.75,450,HOLD
590.9744744300842,240.7,244.0,0.75,450,HOLD
591.1504716873169,240.7,244.0,0.75,450,HOLD
591.3275053501129,240.7,244.0,0.75,450,HOLD
591.4554734230042,240.7,244.0,0.75,450,HOLD
591.599472284317,240.7,244.0,0.75,450,HOLD
591.7424759864807,240.7,244.0,0.75,450,HOLD
591.8855035305023,240.7,244.0,0.75,450,HOLD
592.009505033493,240.7,244.0,0.75,450,HOLD
592.1385080814362,240.7,244.0,0.75,450,HOLD
592.2684721946716,240.7,244.0,0.75,450,HOLD
592.4625115394592,240.7,244.0,0.75,450,HOLD
592.605476140976,240.7,244.0,0.75,450,HOLD
592.7485053539276,240.7,244.0,0.75,450,HOLD
592.8834717273712,240.7,244.0,0.75,450,HOLD
593.0214750766754,240.7,244.0,0.75,450,HOLD
593.1385071277618,240.7,244.0,0.75,450,HOLD
593.2864723205566,240.7,244.0,0.75,450,HOLD
593.4155044555664,240.7,244.0,0.75,450,HOLD
593.5934734344482,240.7,244.0,0.75,450,HOLD
593.7564795017242,240.7,244.0,0.75,450,HOLD
593.9024720191956,240.7,244.0,0.75,450,HOLD
594.041476726532,240.7,244.0,0.75,450,HOLD
594.1724736690521,240.7,244.0,0.75,450,HOLD
594.3304769992828,240.7,244.0,0.75,450,HOLD
594.4594736099243,240.7,244.0,0.75,450,HOLD
594.599472284317,240.7,244.0,0.75,450,HOLD
594.7295107841492,240.7,244.0,0.75,450,HOLD
594.890483379364,240.8,244.0,0.75,450,HOLD
595.0664732456207,240.8,244.0,0.75,450,HOLD
595.2094733715057,240.8,244.0,0.75,450,HOLD
595.3544716835022,240.8,244.0,0.75,450,HOLD
595.5034718513489,240.8,244.0,0.75,450,HOLD
595.6414766311646,240.8,244.0,0.75,450,HOLD
595.765506029129,240.8,244.0,0.75,450,HOLD
595.9075074195862,240.8,244.0,0.75,450,HOLD
596.0404822826385,240.8,244.0,0.75,450,HOLD
596.177473783493,240.8,244.0,0.75,450,HOLD
596.3444764614105,240.8,244.0,0.75,450,HOLD
596.488472700119,240.8,244.0,0.75,450,HOLD
596.6314718723297,240.8,244.0,0.75,450,HOLD
596.7884781360626,240.8,244.0,0.75,450,HOLD
596.9364733695984,240.9,244.0,0.75,450,HOLD
597.0854721069336,240.9,244.0,0.75,450,HOLD
597.2194719314575,240.9,244.0,0.75,450,HOLD
597.3964955806732,240.9,244.0,0.75,450,HOLD
597.5694737434387,240.9,244.0,0.75,450,HOLD
597.7144725322723,241.0,244.0,0.75,450,HOLD
597.8454811573029,241.0,244.0,0.75,450,HOLD
597.9735155105591,241.0,244.0,0.75,450,HOLD
598.1074767112732,241.0,244.0,0.75,450,HOLD
598.2454752922058,241.0,244.0,0.75,450,HOLD
598.3894743919373,241.0,244.0,0.75,450,HOLD
598.5304751396179,241.1,244.0,0.75,450,HOLD
598.6924741268158,241.1,244.0,0.75,450,HOLD
598.8364717960358,241.1,244.0,0.75,450,HOLD
598.9754748344421,241.1,244.0,0.75,450,HOLD
599.1144716739655,241.1,244.0,0.75,450,HOLD
599.2484726905823,241.1,244.0,0.75,450,HOLD
599.3954775333405,241.1,244.0,0.75,450,HOLD
599.5235059261322,241.1,244.0,0.75,450,HOLD
599.6464745998383,241.2,244.0,0.75,450,HOLD
599.7734792232513,241.2,244.0,0.75,450,HOLD
599.9554789066315,241.2,244.0,0.75,450,HOLD
600.0984728336334,241.3,244.0,0.75,450,HOLD
600.242021560669,241.3,244.0,0.75,450,HOLD
600.3860514163971,241.3,244.0,0.75,450,HOLD
600.5130579471588,241.3,244.0,0.75,450,HOLD
600.6430261135101,241.3,244.0,0.75,450,HOLD
600.7870531082153,241.3,244.0,0.75,450,HOLD
600.920051574707,241.4,244.0,0.75,450,HOLD
601.10205245018,241.4,244.0,0.75,450,HOLD
601.2650578022003,241.4,244.0,0.75,450,HOLD
601.4100258350372,241.4,244.0,0.75,450,HOLD
601.5520524978638,241.4,244.0,0.75,450,HOLD
601.6790547370911,241.4,244.0,0.75,450,HOLD
601.8070561885834,241.4,244.0,0.75,450,HOLD
601.9510633945465,241.4,244.0,0.75,450,HOLD
602.0960268974304,241.5,244.0,0.75,450,HOLD
602.2390558719635,241.5,244.0,0.75,450,HOLD
602.4170224666595,241.5,244.0,0.75,450,HOLD
602.5750551223755,241.5,244.0,0.75,450,HOLD
602.718056678772,241.5,244.0,0.75,450,HOLD
602.8470532894135,241.6,244.0,0.75,450,HOLD
602.9910533428192,241.6,244.0,0.75,450,HOLD
603.1350514888763,241.6,244.0,0.75,450,HOLD
603.2780539989471,241.7,244.0,0.75,450,HOLD
603.4200584888458,241.7,244.0,0.75,450,HOLD
603.581022977829,241.7,244.0,0.75,450,HOLD
603.708062171936,241.8,244.0,0.75,450,HOLD
603.852058172226,241.8,244.0,0.75,450,HOLD
603.9810514450073,241.8,244.0,0.75,450,HOLD
604.1250426769257,241.9,244.0,0.75,450,HOLD
604.289026260376,241.9,244.0,0.75,450,HOLD
604.4240539073944,242.0,244.0,0.75,450,HOLD
604.5800232887268,242.0,244.0,0.75,450,HOLD
604.7300252914429,242.0,244.0,0.75,450,HOLD
604.9090540409088,242.0,244.0,0.75,450,HOLD
605.0470554828644,242.0,244.0,0.75,450,HOLD
605.1950266361237,242.0,244.0,0.75,450,HOLD
605.35502409935,242.1,244.0,0.75,450,HOLD
605.5050220489502,242.1,244.0,0.75,450,HOLD
605.6480224132538,242.2,244.0,0.75,450,HOLD
605.7820241451263,242.2,244.0,0.75,450,HOLD
605.9470522403717,242.2,244.0,0.75,450,HOLD
606.1380228996277,242.2,244.0,0.75,450,HOLD
606.2800545692444,242.2,244.0,0.75,450,HOLD
606.4250535964966,242.3,244.0,0.75,450,HOLD
606.5690546035767,242.3,244.0,0.75,450,HOLD
606.712057352066,242.3,244.0,0.75,450,HOLD
606.8510513305664,242.4,244.0,0.75,450,HOLD
606.9830555915833,242.4,244.0,0.75,450,HOLD
607.1320517063141,242.4,244.0,0.75,450,HOLD
607.3210527896881,242.5,244.0,0.75,450,HOLD
607.4690532684326,242.5,244.0,0.75,450,HOLD
607.6080253124237,242.5,244.0,0.75,450,HOLD
607.7590231895447,242.7,244.0,0.75,450,HOLD
607.88902592659,242.7,244.0,0.75,450,HOLD
608.0230617523193,242.8,244.0,0.75,450,HOLD
608.1660532951355,242.8,244.0,0.75,450,HOLD
608.2960245609283,242.8,244.0,0.75,450,HOLD
608.5020523071289,242.9,244.0,0.75,450,HOLD
608.6470520496368,242.9,244.0,0.75,450,HOLD
608.7900612354279,242.9,244.0,0.75,450,HOLD
608.9350533485413,243.0,244.0,0.75,450,HOLD
609.0780243873596,243.0,244.0,0.75,450,HOLD
609.2220566272736,243.2,244.0,0.75,450,HOLD
609.3620233535767,243.2,244.0,0.75,450,HOLD
609.5050542354584,243.2,244.0,0.75,450,HOLD
609.6990532875061,243.3,244.0,0.75,450,HOLD
609.8410239219666,243.3,244.0,0.75,450,HOLD
609.9830515384674,243.3,244.0,0.75,450,HOLD
610.1320531368256,243.4,244.0,0.75,450,HOLD
610.2600243091583,243.4,244.0,0.75,450,HOLD
610.3880517482758,243.4,244.0,0.75,450,HOLD
610.5120620727539,243.6,244.0,0.75,450,HOLD
610.6420538425446,243.6,244.0,0.75,450,HOLD
610.7680521011353,243.6,244.0,0.75,450,HOLD
610.9160237312317,243.6,244.0,0.75,450,HOLD
611.0580561161041,243.6,244.0,0.75,450,HOLD
611.2030577659607,243.6,244.0,0.75,450,HOLD
611.3460609912872,243.7,244.0,0.75,450,HOLD
611.4850521087646,243.7,244.0,0.75,450,HOLD
611.6330523490906,243.8,244.0,0.75,450,HOLD
611.7760565280914,243.8,244.0,0.75,450,HOLD
611.9050531387329,243.8,244.0,0.75,450,HOLD
612.1120555400848,244.0,244.0,0.75,450,HOLD
612.2810547351837,244.0,244.0,0.75,450,HOLD
612.4160199165344,244.0,244.0,0.75,450,HOLD
612.5430533885956,244.1,244.0,0.75,450,HOLD
612.688051700592,244.1,244.0,0.75,450,HOLD
612.8160214424133,244.2,244.0,0.75,450,HOLD
612.9590542316437,244.2,244.0,0.75,450,HOLD
613.103024482727,244.2,244.0,0.75,450,HOLD
613.2420551776886,244.3,244.0,0.75,450,HOLD
613.405054807663,244.3,244.0,0.75,450,HOLD
613.5740222930908,244.3,244.0,0.75,450,HOLD
613.7260227203369,244.5,244.0,0.75,450,HOLD
613.8540532588959,244.5,244.0,0.75,450,HOLD
613.9950246810913,244.5,244.0,0.75,450,HOLD
614.1420230865479,244.6,244.0,0.75,450,HOLD
614.2840213775635,244.6,244.0,0.75,450,HOLD
614.4290583133698,244.7,244.0,0.75,450,HOLD
614.568051815033,244.7,244.0,0.75,450,HOLD
614.7320518493652,244.7,244.0,0.75,450,HOLD
614.8710203170776,244.9,244.0,0.75,450,HOLD
615.0530197620392,244.9,244.0,0.75,450,HOLD
615.180020570755,244.9,244.0,0.75,450,HOLD
615.3030200004578,245.1,244.0,0.75,450,HOLD
615.4520525932312,245.1,244.0,0.75,450,HOLD
615.5950236320496,245.1,244.0,0.75,450,HOLD
615.7390551567078,245.1,244.0,0.75,450,HOLD
615.8680205345154,245.1,244.0,0.75,450,HOLD
616.0710542201996,246.2,244.0,0.75,450,HOLD
616.2260217666626,246.2,244.0,0.75,450,HOLD
616.3790237903595,246.2,244.0,0.75,450,HOLD
616.5060231685638,246.4,244.0,0.75,450,HOLD
616.6490528583527,246.4,244.0,0.75,450,HOLD
616.7790274620056,246.4,244.0,0.75,450,HOLD
616.9190518856049,246.6,244.0,0.75,450,HOLD
617.0640234947205,246.6,244.0,0.75,450,HOLD
617.2100231647491,246.6,244.0,0.75,450,HOLD
617.3360517024994,246.8,244.0,0.75,450,HOLD
617.5180530548096,246.8,244.0,0.75,450,HOLD
617.6870234012604,246.9,244.0,0.75,450,HOLD
617.8310527801514,246.9,244.0,0.75,450,HOLD
617.9600255489349,246.9,244.0,0.75,450,HOLD
618.118052482605,246.9,244.0,0.75,450,HOLD
618.2470495700836,246.9,244.0,0.75,450,HOLD
618.37602186203,246.9,244.0,0.75,450,HOLD
618.5150578022003,246.9,244.0,0.75,450,HOLD
618.664053440094,246.9,244.0,0.75,450,HOLD
618.8560523986816,247.0,244.0,0.75,450,HOLD
619.0630221366882,247.0,244.0,0.75,450,HOLD
619.1900668144226,247.0,244.0,0.75,450,HOLD
619.315022945404,247.1,244.0,0.75,450,HOLD
619.4450578689575,247.1,244.0,0.75,450,HOLD
619.5730628967285,247.1,244.0,0.75,450,HOLD
619.7190546989441,247.2,244.0,0.75,450,HOLD
619.8600332736969,247.2,244.0,0.75,450,HOLD
620.0030572414398,247.3,244.0,0.75,450,HOLD
620.1910231113434,247.3,244.0,0.75,450,HOLD
620.3530514240265,247.3,244.0,0.75,450,HOLD
620.4840524196625,247.3,244.0,0.75,450,HOLD
620.6280212402344,247.3,244.0,0.75,450,HOLD
620.7720241546631,247.3,244.0,0.75,450,HOLD
620.9100253582001,247.4,244.0,0.75,450,HOLD
621.0430238246918,247.4,244.0,0.75,450,HOLD
621.1710464954376,247.4,244.0,0.75,450,HOLD
621.32004570961,247.5,244.0,0.75,450,HOLD
621.4740543365479,247.5,244.0,0.75,450,HOLD
621.6280233860016,247.7,244.0,0.75,450,HOLD
621.775050163269,247.7,244.0,0.75,450,HOLD
621.9050524234772,247.7,244.0,0.75,450,HOLD
622.065024137497,247.8,244.0,0.75,450,HOLD
622.2170512676239,247.8,244.0,0.75,450,HOLD
622.352053642273,247.8,244.0,0.75,450,HOLD
622.4980521202087,247.9,244.0,0.75,450,HOLD
622.6490545272827,247.9,244.0,0.75,450,HOLD
622.7850527763367,247.9,244.0,0.75,450,HOLD
622.9250245094299,248.0,244.0,0.75,450,HOLD
623.0880205631256,248.0,244.0,0.75,450,HOLD
623.2120676040649,248.0,244.0,0.75,450,HOLD
623.3440554141998,248.2,244.0,0.75,450,HOLD
623.488020658493,248.2,244.0,0.75,450,HOLD
623.6290652751923,248.3,244.0,0.75,450,HOLD
623.7750542163849,248.3,244.0,0.75,450,HOLD
623.9030516147614,248.3,244.0,0.75,450,HOLD
624.0430221557617,248.4,244.0,0.75,450,HOLD
624.1860520839691,248.4,244.0,0.75,450,HOLD
624.3780524730682,248.4,244.0,0.75,450,HOLD
624.5310518741608,248.5,244.0,0.75,450,HOLD
624.6660523414612,248.5,244.0,0.75,450,HOLD
624.8140516281128,248.7,244.0,0.75,450,HOLD
624.974057674408,248.7,244.0,0.75,450,HOLD
625.1000542640686,248.7,244.0,0.75,450,HOLD
625.2290422916412,248.7,244.0,0.75,450,HOLD
625.37402510643,248.7,244.0,0.75,450,HOLD
625.516051530838,248.7,244.0,0.75,450,HOLD
625.7050561904907,248.8,244.0,0.75,450,HOLD
625.9060578346252,248.8,244.0,0.75,450,HOLD
626.0450530052185,249.0,244.0,0.75,450,HOLD
626.1830544471741,249.0,244.0,0.75,450,HOLD
626.3170523643494,249.0,244.0,0.75,450,HOLD
626.4580540657043,249.1,244.0,0.75,450,HOLD
626.6020517349243,249.1,244.0,0.75,450,HOLD
626.74205493927,249.1,244.0,0.75,450,HOLD
626.88605260849,249.2,244.0,0.75,450,HOLD
627.04705286026,249.2,244.0,0.75,450,HOLD
627.2530529499054,249.4,244.0,0.75,450,HOLD
627.3860530853271,249.4,244.0,0.75,450,HOLD
627.5130572319031,249.4,244.0,0.75,450,HOLD
627.6400275230408,249.5,244.0,0.75,450,HOLD
627.7680513858795,249.5,244.0,0.75,450,HOLD
627.9120588302612,249.5,244.0,0.75,450,HOLD
628.0560607910156,249.5,244.0,0.75,450,HOLD
628.1860518455505,249.5,244.0,0.75,450,HOLD
628.3060255050659,249.5,244.0,0.75,450,HOLD
628.5040197372437,249.6,244.0,0.75,450,HOLD
628.6640543937683,249.6,244.0,0.75,450,HOLD
628.7900679111481,249.6,244.0,0.75,450,HOLD
628.9340527057648,249.6,244.0,0.75,450,HOLD
629.0640244483948,249.6,244.0,0.75,450,HOLD
629.1900243759155,249.6,244.0,0.75,450,HOLD
629.3360214233398,249.7,244.0,0.75,450,HOLD
629.4790601730347,249.7,244.0,0.75,450,HOLD
629.6140530109406,249.8,244.0,0.75,450,HOLD
629.7740521430969,249.8,244.0,0.75,450,HOLD
629.9630625247955,249.8,244.0,0.75,450,HOLD
630.1180474758148,249.8,244.0,0.75,450,HOLD
630.2590274810791,249.8,244.0,0.75,450,HOLD
630.4070565700531,249.8,244.0,0.75,450,HOLD
630.5440220832825,249.9,244.0,0.75,450,HOLD
630.6760246753693,249.9,244.0,0.75,450,HOLD
630.8060250282288,249.9,244.0,0.75,450,HOLD
630.9290339946747,249.9,244.0,0.75,450,HOLD
631.0540544986725,249.9,244.0,0.75,450,HOLD
631.1880526542664,250.0,244.0,0.75,450,HOLD
631.3580520153046,250.0,244.0,0.75,450,HOLD
631.5220267772675,250.0,244.0,0.75,450,HOLD
631.6520516872406,250.1,244.0,0.75,450,HOLD
631.7740585803986,250.1,244.0,0.75,450,HOLD
631.9030516147614,250.1,244.0,0.75,450,HOLD
632.035044670105,250.2,244.0,0.75,450,HOLD
632.1800470352173,250.2,244.0,0.75,450,HOLD
632.3230543136597,250.2,244.0,0.75,450,HOLD
632.4520514011383,250.3,244.0,0.75,450,HOLD
632.5730628967285,250.3,244.0,0.75,450,HOLD
632.7510521411896,250.3,244.0,0.75,450,HOLD
632.9450545310974,250.3,244.0,0.75,450,HOLD
633.0890543460846,250.3,244.0,0.75,450,HOLD
633.2180516719818,250.4,244.0,0.75,450,HOLD
633.3790330886841,250.4,244.0,0.75,450,HOLD
633.5220415592194,250.4,244.0,0.75,450,HOLD
633.6820602416992,250.4,244.0,0.75,450,HOLD
633.8070557117462,250.4,244.0,0.75,450,HOLD
633.9760251045227,250.5,244.0,0.75,450,HOLD
634.1720225811005,250.5,244.0,0.75,450,HOLD
634.3030514717102,250.5,244.0,0.75,450,HOLD
634.4480519294739,250.5,244.0,0.75,450,HOLD
634.5980525016785,250.5,244.0,0.75,450,HOLD
634.7360525131226,250.5,244.0,0.75,450,HOLD
634.862054347992,250.5,244.0,0.75,450,HOLD
634.9910519123077,250.5,244.0,0.75,450,HOLD
635.1150238513947,250.5,244.0,0.75,450,HOLD
635.2620553970337,250.5,244.0,0.75,450,HOLD
635.4180579185486,250.5,244.0,0.75,450,HOLD
635.6080267429352,250.5,244.0,0.75,450,HOLD
635.7410545349121,250.6,244.0,0.75,450,HOLD
635.9000520706177,250.6,244.0,0.75,450,HOLD
636.0470502376556,250.6,244.0,0.75,450,HOLD
636.189050912857,250.6,244.0,0.75,450,HOLD
636.3170516490936,250.6,244.0,0.75,450,HOLD
636.4600255489349,250.6,244.0,0.75,450,HOLD
636.5960557460785,250.6,244.0,0.75,450,HOLD
636.7970311641693,250.7,244.0,0.75,450,HOLD
636.9720242023468,250.7,244.0,0.75,450,HOLD
637.1162741184235,250.7,244.0,0.75,450,HOLD
637.2453167438507,250.7,244.0,0.75,450,HOLD
637.3922874927521,250.7,244.0,0.75,450,HOLD
637.5523166656494,250.7,244.0,0.75,450,HOLD
637.6942889690399,250.7,244.0,0.75,450,HOLD
637.8523149490356,250.7,244.0,0.75,450,HOLD
638.0252883434296,250.7,244.0,0.75,450,HOLD
638.1962971687317,250.7,244.0,0.75,450,HOLD
638.3262856006622,250.7,244.0,0.75,450,HOLD
638.4743187427521,250.7,244.0,0.75,450,HOLD
638.6152861118317,250.7,244.0,0.75,450,HOLD
638.7452881336212,250.7,244.0,0.75,450,HOLD
638.8733103275299,250.7,244.0,0.75,450,HOLD
639.0182852745056,250.7,244.0,0.75,450,HOLD
639.1562943458557,250.7,244.0,0.75,450,HOLD
639.3212850093842,250.7,244.0,0.75,450,HOLD
639.5032856464386,250.7,244.0,0.75,450,HOLD
639.6402876377106,250.7,244.0,0.75,450,HOLD
639.7842853069305,250.7,244.0,0.75,450,HOLD
639.9452912807465,250.7,244.0,0.75,450,HOLD
640.0873174667358,250.7,244.0,0.75,450,HOLD
640.2152864933014,250.7,244.0,0.75,450,HOLD
640.3572890758514,250.7,244.0,0.75,450,HOLD
640.4862859249115,250.7,244.0,0.75,450,HOLD
640.659289598465,250.7,244.0,0.75,450,HOLD
640.8222889900208,250.7,244.0,0.75,450,HOLD
640.9513177871704,250.7,244.0,0.75,450,HOLD
641.0742902755737,250.7,244.0,0.75,450,HOLD
641.2282860279083,250.7,244.0,0.75,450,HOLD
641.3662860393524,250.7,244.0,0.75,450,HOLD
641.4932882785797,250.7,244.0,0.75,450,HOLD
641.6382868289948,250.7,244.0,0.75,450,HOLD
641.7612929344177,250.7,244.0,0.75,450,HOLD
641.9052896499634,250.7,244.0,0.75,450,HOLD
642.0682852268219,250.7,244.0,0.75,450,HOLD
642.2252862453461,250.7,244.0,0.75,450,HOLD
642.353285074234,250.7,244.0,0.75,450,HOLD
642.4852859973907,250.7,244.0,0.75,450,HOLD
642.629289150238,250.7,244.0,0.75,450,HOLD
642.7723186016083,250.7,244.0,0.75,450,HOLD
642.9002878665924,250.6,244.0,0.75,450,HOLD
643.0582890510559,250.6,244.0,0.75,450,HOLD
643.1852858066559,250.6,244.0,0.75,450,HOLD
643.37429022789,250.6,244.0,0.75,450,HOLD
643.5552883148193,250.6,244.0,0.75,450,HOLD
643.6812863349915,250.6,244.0,0.75,450,HOLD
643.8083205223083,250.6,244.0,0.75,450,HOLD
643.9542858600616,250.6,244.0,0.75,450,HOLD
644.0973196029663,250.5,244.0,0.75,450,HOLD
644.226288318634,250.5,244.0,0.75,450,HOLD
644.3852853775024,250.5,244.0,0.75,450,HOLD
644.5402879714966,250.5,244.0,0.75,450,HOLD
644.7203145027161,250.5,244.0,0.75,450,HOLD
644.8822860717773,250.5,244.0,0.75,450,HOLD
645.0082874298096,250.5,244.0,0.75,450,HOLD
645.1342875957489,250.5,244.0,0.75,450,HOLD
645.2612862586975,250.4,244.0,0.75,450,HOLD
645.4082903862,250.4,244.0,0.75,450,HOLD
645.5293040275574,250.4,244.0,0.75,450,HOLD
645.6632916927338,250.4,244.0,0.75,450,HOLD
645.7912909984589,250.4,244.0,0.75,450,HOLD
645.9492845535278,250.4,244.0,0.75,450,HOLD
646.140291929245,250.3,244.0,0.75,450,HOLD
646.2872862815857,250.3,244.0,0.75,450,HOLD
646.4292860031128,250.2,244.0,0.75,450,HOLD
646.5752863883972,250.2,244.0,0.75,450,HOLD
646.7192854881287,250.2,244.0,0.75,450,HOLD
646.8622858524323,250.2,244.0,0.75,450,HOLD
647.0062937736511,250.2,244.0,0.75,450,HOLD
647.1412928104401,250.2,244.0,0.75,450,HOLD
647.2882862091064,250.1,244.0,0.75,450,HOLD
647.4862844944,250.1,244.0,0.75,450,HOLD
647.6123502254486,250.1,244.0,0.75,450,HOLD
647.7482862472534,250.1,244.0,0.75,450,HOLD
647.8852846622467,250.1,244.0,0.75,450,HOLD
648.0292897224426,250.0,244.0,0.75,450,HOLD
648.1722900867462,250.0,244.0,0.75,450,HOLD
648.2962884902954,250.0,244.0,0.75,450,HOLD
648.4282875061035,250.0,244.0,0.75,450,HOLD
648.5982856750488,250.0,244.0,0.75,450,HOLD
648.7792873382568,250.0,244.0,0.75,450,HOLD
648.9232954978943,249.9,244.0,0.75,450,HOLD
649.067316532135,249.9,244.0,0.75,450,HOLD
649.195289850235,249.9,244.0,0.75,450,HOLD
649.339320898056,249.9,244.0,0.75,450,HOLD
649.4812870025635,249.9,244.0,0.75,450,HOLD
649.6113166809082,249.9,244.0,0.75,450,HOLD
649.7452893257141,249.9,244.0,0.75,450,HOLD
649.8922870159149,249.9,244.0,0.75,450,HOLD
650.0382859706879,249.8,244.0,0.75,450,HOLD
650.2333166599274,249.8,244.0,0.75,450,HOLD
650.3622894287109,249.8,244.0,0.75,450,HOLD
650.488288640976,249.7,244.0,0.75,450,HOLD
650.6332879066467,249.7,244.0,0.75,450,HOLD
650.7752890586853,249.7,244.0,0.75,450,HOLD
650.9003145694733,249.7,244.0,0.75,450,HOLD
651.0322871208191,249.7,244.0,0.75,450,HOLD
651.1733009815216,249.7,244.0,0.75,450,HOLD
651.301285982132,249.6,244.0,0.75,450,HOLD
651.4452939033508,249.6,244.0,0.75,450,HOLD
651.6072928905487,249.6,244.0,0.75,450,HOLD
651.755289554596,249.6,244.0,0.75,450,HOLD
651.8952910900116,249.6,244.0,0.75,450,HOLD
652.0382862091064,249.5,244.0,0.75,450,HOLD
652.1662855148315,249.5,244.0,0.75,450,HOLD
652.2932906150818,249.5,244.0,0.75,450,HOLD
652.4382839202881,249.5,244.0,0.75,450,HOLD
652.5763199329376,249.5,244.0,0.75,450,HOLD
652.7362854480743,249.5,244.0,0.75,450,HOLD
652.9292874336243,249.4,244.0,0.75,450,HOLD
653.0632884502411,249.4,244.0,0.75,450,HOLD
653.205290555954,249.4,244.0,0.75,450,HOLD
653.3492872714996,249.4,244.0,0.75,450,HOLD
653.508288860321,249.4,244.0,0.75,450,HOLD
653.6522853374481,249.3,244.0,0.75,450,HOLD
653.785285949707,249.3,244.0,0.75,450,HOLD
653.9552862644196,249.3,244.0,0.75,450,HOLD
654.1473178863525,249.3,244.0,0.75,450,HOLD
654.2742912769318,249.3,244.0,0.75,450,HOLD
654.4032850265503,249.3,244.0,0.75,450,HOLD
654.5302908420563,249.3,244.0,0.75,450,HOLD
654.6722881793976,249.3,244.0,0.75,450,HOLD
654.8032848834991,249.3,244.0,0.75,450,HOLD
654.9462876319885,249.2,244.0,0.75,450,HOLD
655.0862860679626,249.2,244.0,0.75,450,HOLD
655.2172853946686,249.1,244.0,0.75,450,HOLD
655.409286737442,249.1,244.0,0.75,450,HOLD
655.6022856235504,249.1,244.0,0.75,450,HOLD
655.7443189620972,249.1,244.0,0.75,450,HOLD
655.8912904262543,249.1,244.0,0.75,450,HOLD
656.0313174724579,249.0,244.0,0.75,450,HOLD
656.188285112381,249.0,244.0,0.75,450,HOLD
656.321286201477,249.0,244.0,0.75,450,HOLD
656.4622893333435,248.9,244.0,0.75,450,HOLD
656.6552956104279,248.9,244.0,0.75,450,HOLD
656.8202874660492,248.8,244.0,0.75,450,HOLD
656.9802868366241,248.8,244.0,0.75,450,HOLD
657.1182856559753,248.8,244.0,0.75,450,HOLD
657.2462871074677,248.7,244.0,0.75,450,HOLD
657.3872838020325,248.7,244.0,0.75,450,HOLD
657.519285440445,248.7,244.0,0.75,450,HOLD
657.6622893810272,248.7,244.0,0.75,450,HOLD
657.7912862300873,248.7,244.0,0.75,450,HOLD
657.9322850704193,248.7,244.0,0.75,450,HOLD
658.1392884254456,248.6,244.0,0.75,450,HOLD
658.3183162212372,248.6,244.0,0.75,450,HOLD
658.4612853527069,248.6,244.0,0.75,450,HOLD
658.6032860279083,248.6,244.0,0.75,450,HOLD
658.744286775589,248.6,244.0,0.75,450,HOLD
658.8753132820129,248.6,244.0,0.75,450,HOLD
659.0202853679657,248.6,244.0,0.75,450,HOLD
659.1422896385193,248.6,244.0,0.75,450,HOLD
659.2912862300873,248.5,244.0,0.75,450,HOLD
659.435284614563,248.5,244.0,0.75,450,HOLD
659.5922911167145,248.5,244.0,0.75,450,HOLD
659.7232930660248,248.4,244.0,0.75,450,HOLD
659.8652863502502,248.4,244.0,0.75,450,HOLD
660.0112853050232,248.4,244.0,0.75,450,HOLD
660.1552844047546,248.3,244.0,0.75,450,HOLD
660.303284406662,248.3,244.0,0.75,450,HOLD
660.442289352417,248.3,244.0,0.75,450,HOLD
660.584314584732,248.3,244.0,0.75,450,HOLD
660.7452871799469,248.3,244.0,0.75,450,HOLD
660.9202857017517,248.2,244.0,0.75,450,HOLD
661.0492875576019,248.2,244.0,0.75,450,HOLD
661.1982867717743,248.2,244.0,0.75,450,HOLD
661.3522865772247,248.1,244.0,0.75,450,HOLD
661.4942851066589,248.1,244.0,0.75,450,HOLD
661.6242892742157,248.1,244.0,0.75,450,HOLD
661.7522859573364,248.1,244.0,0.75,450,HOLD
661.9012854099274,248.1,244.0,0.75,450,HOLD
662.0782861709595,248.0,244.0,0.75,450,HOLD
662.2463185787201,248.0,244.0,0.75,450,HOLD
662.4002854824066,248.0,244.0,0.75,450,HOLD
662.5352847576141,247.9,244.0,0.75,450,HOLD
662.6773238182068,247.9,244.0,0.75,450,HOLD
662.8182857036591,247.9,244.0,0.75,450,HOLD
662.9462871551514,247.8,244.0,0.75,450,HOLD
663.0792875289917,247.8,244.0,0.75,450,HOLD
663.2332854270935,247.7,244.0,0.75,450,HOLD
663.3612871170044,247.7,244.0,0.75,450,HOLD
663.5392894744873,247.7,244.0,0.75,450,HOLD
663.7062952518463,247.7,244.0,0.75,450,HOLD
663.8432881832123,247.7,244.0,0.75,450,HOLD
663.9722867012024,247.7,244.0,0.75,450,HOLD
664.1093182563782,247.7,244.0,0.75,450,HOLD
664.2452867031097,247.7,244.0,0.75,450,HOLD
664.3882873058319,247.7,244.0,0.75,450,HOLD
664.5102887153625,247.6,244.0,0.75,450,HOLD
664.6402902603149,247.6,244.0,0.75,450,HOLD
664.7983181476593,247.5,244.0,0.75,450,HOLD
665.0122971534729,247.5,244.0,0.75,450,HOLD
665.1473169326782,247.5,244.0,0.75,450,HOLD
665.2822830677032,247.4,244.0,0.75,450,HOLD
665.4192860126495,247.4,244.0,0.75,450,HOLD
665.5552883148193,247.4,244.0,0.75,450,HOLD
665.6982860565186,247.3,244.0,0.75,450,HOLD
665.8432891368866,247.3,244.0,0.75,450,HOLD
665.9852855205536,247.2,244.0,0.75,450,HOLD
666.1722888946533,247.2,244.0,0.75,450,HOLD
666.3692855834961,247.2,244.0,0.75,450,HOLD
666.4963095188141,247.1,244.0,0.75,450,HOLD
666.6362857818604,247.1,244.0,0.75,450,HOLD
666.7692856788635,247.1,244.0,0.75,450,HOLD
666.9123027324677,247.0,244.0,0.75,450,HOLD
667.0362854003906,247.0,244.0,0.75,450,HOLD
667.1842849254608,247.0,244.0,0.75,450,HOLD
667.3082897663116,246.9,244.0,0.75,450,HOLD
667.4612891674042,246.9,244.0,0.75,450,HOLD
667.6362862586975,246.8,244.0,0.75,450,HOLD
667.7752900123596,246.8,244.0,0.75,450,HOLD
667.9183158874512,246.8,244.0,0.75,450,HOLD
668.0572898387909,246.7,244.0,0.75,450,HOLD
668.1903133392334,246.7,244.0,0.75,450,HOLD
668.3192846775055,246.7,244.0,0.75,450,HOLD
668.4613008499146,246.7,244.0,0.75,450,HOLD
668.5903067588806,246.7,244.0,0.75,450,HOLD
668.7182853221893,246.7,244.0,0.75,450,HOLD
668.8782873153687,246.5,244.0,0.75,450,HOLD
669.0532853603363,246.5,244.0,0.75,450,HOLD
669.1812844276428,246.5,244.0,0.75,450,HOLD
669.3092856407166,246.4,244.0,0.75,450,HOLD
669.4482851028442,246.4,244.0,0.75,450,HOLD
669.5792882442474,246.4,244.0,0.75,450,HOLD
669.7242865562439,246.3,244.0,0.75,450,HOLD
669.8523163795471,246.3,244.0,0.75,450,HOLD
669.9792861938477,246.3,244.0,0.75,450,HOLD
670.1222884654999,246.2,244.0,0.75,450,HOLD
670.283284664154,246.2,244.0,0.75,450,HOLD
670.428286075592,246.2,244.0,0.75,450,HOLD
670.5522861480713,246.1,244.0,0.75,450,HOLD
670.6993224620819,246.1,244.0,0.75,450,HOLD
670.8272845745087,246.1,244.0,0.75,450,HOLD
670.9692854881287,246.0,244.0,0.75,450,HOLD
671.1132860183716,246.0,244.0,0.75,450,HOLD
671.2412867546082,245.9,244.0,0.75,450,HOLD
671.3692865371704,245.9,244.0,0.75,450,HOLD
671.5352866649628,245.9,244.0,0.75,450,HOLD
671.7042860984802,245.8,244.0,0.75,450,HOLD
671.8513147830963,245.8,244.0,0.75,450,HOLD
671.9932887554169,245.8,244.0,0.75,450,HOLD
672.1212856769562,245.7,244.0,0.75,450,HOLD
672.2642903327942,245.7,244.0,0.75,450,HOLD
672.3912885189056,245.7,244.0,0.75,450,HOLD
672.5362849235535,245.6,244.0,0.75,450,HOLD
672.663290977478,245.6,244.0,0.75,450,HOLD
672.8222868442535,245.6,244.0,0.75,450,HOLD
673.0002861022949,245.6,244.0,0.75,450,HOLD
673.1282913684845,245.6,244.0,0.75,450,HOLD
673.2712876796722,245.6,244.0,0.75,450,HOLD
673.398316860199,245.6,244.0,0.75,450,HOLD
673.5272901058197,245.6,244.0,0.75,450,HOLD
673.6712861061096,245.4,244.0,0.75,450,HOLD
673.813291311264,245.4,244.0,0.75,450,HOLD
673.9692854881287,245.4,244.0,0.75,450,HOLD
674.1502866744995,245.4,244.0,0.75,450,HOLD
674.3112907409668,245.4,244.0,0.75,450,HOLD
674.4582858085632,245.3,244.0,0.75,450,HOLD
674.5982835292816,245.3,244.0,0.75,450,HOLD
674.7252902984619,245.3,244.0,0.75,450,HOLD
674.8692872524261,245.1,244.0,0.75,450,HOLD
674.995288848877,245.1,244.0,0.75,450,HOLD
675.1243228912354,245.1,244.0,0.75,450,HOLD
675.2462871074677,245.0,244.0,0.75,450,HOLD
675.4282884597778,245.0,244.0,0.75,450,HOLD
675.5872855186462,245.0,244.0,0.75,450,HOLD
675.7313191890717,244.9,244.0,0.75,450,HOLD
675.8872854709625,244.9,244.0,0.75,450,HOLD
676.0192856788635,244.9,244.0,0.75,450,HOLD
676.1463158130646,244.8,244.0,0.75,450,HOLD
676.269285440445,244.8,244.0,0.75,450,HOLD
676.4042861461639,244.8,244.0,0.75,450,HOLD
676.5452888011932,244.7,244.0,0.75,450,HOLD
676.7382855415344,244.7,244.0,0.75,450,HOLD
676.9132902622223,244.6,244.0,0.75,450,HOLD
677.0403242111206,244.6,244.0,0.75,450,HOLD
677.1812853813171,244.6,244.0,0.75,450,HOLD
677.3122911453247,244.4,244.0,0.75,450,HOLD
677.4422860145569,244.4,244.0,0.75,450,HOLD
677.5703148841858,244.4,244.0,0.75,450,HOLD
677.6953053474426,244.3,244.0,0.75,450,HOLD
677.8232936859131,244.3,244.0,0.75,450,HOLD
677.981287240982,244.3,244.0,0.75,450,HOLD
678.1452887058258,244.3,244.0,0.75,450,HOLD
678.2862854003906,244.3,244.0,0.75,450,HOLD
678.4322860240936,244.2,244.0,0.75,450,HOLD
678.5732951164246,244.2,244.0,0.75,450,HOLD
678.7032866477966,244.2,244.0,0.75,450,HOLD
678.8462898731232,244.1,244.0,0.75,450,HOLD
678.9883184432983,244.1,244.0,0.75,450,HOLD
679.1272895336151,244.1,244.0,0.75,450,HOLD
679.2902910709381,244.0,244.0,0.75,450,HOLD
679.4392867088318,244.0,244.0,0.75,450,HOLD
679.5792880058289,244.0,244.0,0.75,450,HOLD
679.7262890338898,243.9,244.0,0.75,450,HOLD
679.8702852725983,243.9,244.0,0.75,450,HOLD
680.0242867469788,243.9,244.0,0.75,450,HOLD
680.1562972068787,243.8,244.0,0.75,450,HOLD
680.2882869243622,243.8,244.0,0.75,450,HOLD
680.435319185257,243.7,244.0,0.75,450,HOLD
680.606292963028,243.7,244.0,0.75,450,HOLD
680.7792897224426,243.7,244.0,0.75,450,HOLD
680.940292596817,243.6,244.0,0.75,450,HOLD
681.0842835903168,243.6,244.0,0.75,450,HOLD
681.2252860069275,243.6,244.0,0.75,450,HOLD
681.3552885055542,243.5,244.0,0.75,450,HOLD
681.496292591095,243.5,244.0,0.75,450,HOLD
681.6442852020264,243.4,244.0,0.75,450,HOLD
681.7992856502533,243.4,244.0,0.75,450,HOLD
681.9242868423462,243.4,244.0,0.75,450,HOLD
682.1233270168304,243.2,244.0,0.75,450,HOLD
682.2662863731384,243.2,244.0,0.75,450,HOLD
682.4112873077393,243.2,244.0,0.75,450,HOLD
682.5552923679352,243.2,244.0,0.75,450,HOLD
682.6972861289978,243.2,244.0,0.75,450,HOLD
682.8402938842773,243.2,244.0,0.75,450,HOLD
682.9962882995605,243.2,244.0,0.75,450,HOLD
683.1212856769562,243.2,244.0,0.75,450,HOLD
683.2522854804993,243.1,244.0,0.75,450,HOLD
683.4172859191895,243.1,244.0,0.75,450,HOLD
683.5612878799438,243.1,244.0,0.75,450,HOLD
683.7222888469696,242.9,244.0,0.75,450,HOLD
683.8633189201355,242.9,244.0,0.75,450,HOLD
683.9912872314453,242.9,244.0,0.75,450,HOLD
684.1182856559753,242.9,244.0,0.75,450,HOLD
684.2632892131805,242.9,244.0,0.75,450,HOLD
684.4082865715027,242.7,244.0,0.75,450,HOLD
684.5792915821075,242.7,244.0,0.75,450,HOLD
684.7582864761353,242.7,244.0,0.75,450,HOLD
684.9142866134644,242.6,244.0,0.75,450,HOLD
685.0453000068665,242.6,244.0,0.75,450,HOLD
685.1903066635132,242.6,244.0,0.75,450,HOLD
685.3322858810425,242.5,244.0,0.75,450,HOLD
685.4622890949249,242.5,244.0,0.75,450,HOLD
685.603316783905,242.5,244.0,0.75,450,HOLD
685.7313187122345,242.5,244.0,0.75,450,HOLD
685.909286737442,242.5,244.0,0.75,450,HOLD
686.0532858371735,242.4,244.0,0.75,450,HOLD
686.1952884197235,242.4,244.0,0.75,450,HOLD
686.3292963504791,242.4,244.0,0.75,450,HOLD
686.4683294296265,242.3,244.0,0.75,450,HOLD
686.6192855834961,242.3,244.0,0.75,450,HOLD
686.7552878856659,242.3,244.0,0.75,450,HOLD
686.881285905838,242.2,244.0,0.75,450,HOLD
687.0542857646942,242.2,244.0,0.75,450,HOLD
687.2173163890839,242.2,244.0,0.75,450,HOLD
687.3482863903046,242.1,244.0,0.75,450,HOLD
687.4892871379852,242.1,244.0,0.75,450,HOLD
687.6252858638763,242.1,244.0,0.75,450,HOLD
687.7562956809998,242.1,244.0,0.75,450,HOLD
687.9052927494049,242.1,244.0,0.75,450,HOLD
688.0643184185028,242.1,244.0,0.75,450,HOLD
688.1892900466919,242.1,244.0,0.75,450,HOLD
688.3502855300903,242.1,244.0,0.75,450,HOLD
688.4972848892212,242.0,244.0,0.75,450,HOLD
688.6412899494171,242.0,244.0,0.75,450,HOLD
688.7662856578827,242.0,244.0,0.75,450,HOLD
688.8922846317291,241.9,244.0,0.75,450,HOLD
689.0362846851349,241.9,244.0,0.75,450,HOLD
689.168285369873,241.9,244.0,0.75,450,HOLD
689.3062937259674,241.8,244.0,0.75,450,HOLD
689.4852855205536,241.8,244.0,0.75,450,HOLD
689.6623001098633,241.7,244.0,0.75,450,HOLD
689.8042862415314,241.7,244.0,0.75,450,HOLD
689.9492869377136,241.7,244.0,0.75,450,HOLD
690.0792908668518,241.6,244.0,0.75,450,HOLD
690.2222888469696,241.6,244.0,0.75,450,HOLD
690.3653161525726,241.6,244.0,0.75,450,HOLD
690.4942851066589,241.6,244.0,0.75,450,HOLD
690.6502861976624,241.6,244.0,0.75,450,HOLD
690.824289560318,241.6,244.0,0.75,450,HOLD
690.9572975635529,241.5,244.0,0.75,450,HOLD
691.1022856235504,241.5,244.0,0.75,450,HOLD
691.2432882785797,241.4,244.0,0.75,450,HOLD
691.3693170547485,241.4,244.0,0.75,450,HOLD
691.5022857189178,241.4,244.0,0.75,450,HOLD
691.644289970398,241.4,244.0,0.75,450,HOLD
691.7822856903076,241.4,244.0,0.75,450,HOLD
691.9122922420502,241.4,244.0,0.75,450,HOLD
692.1082870960236,241.3,244.0,0.75,450,HOLD
692.2522847652435,241.3,244.0,0.75,450,HOLD
692.3952851295471,241.3,244.0,0.75,450,HOLD
692.5512857437134,241.3,244.0,0.75,450,HOLD
692.6932902336121,241.3,244.0,0.75,450,HOLD
692.8282914161682,241.3,244.0,0.75,450,HOLD
692.9862859249115,241.3,244.0,0.75,450,HOLD
693.1283152103424,241.3,244.0,0.75,450,HOLD
693.3063209056854,241.2,244.0,0.75,450,HOLD
693.4622898101807,241.2,244.0,0.75,450,HOLD
693.609317779541,241.2,244.0,0.75,450,HOLD
693.7652871608734,241.2,244.0,0.75,450,HOLD
693.9122886657715,241.2,244.0,0.75,450,HOLD
694.0413191318512,241.1,244.0,0.75,450,HOLD
694.1833188533783,241.1,244.0,0.75,450,HOLD
694.312287569046,241.1,244.0,0.75,450,HOLD
694.4562993049622,241.1,244.0,0.75,450,HOLD
694.6002857685089,241.1,244.0,0.75,450,HOLD
694.7452895641327,241.1,244.0,0.75,450,HOLD
694.8882875442505,241.0,244.0,0.75,450,HOLD
695.0312850475311,241.0,244.0,0.75,450,HOLD
695.1742897033691,241.0,244.0,0.75,450,HOLD
695.3192856311798,241.0,244.0,0.75,450,HOLD
695.4422855377197,241.0,244.0,0.75,450,HOLD
695.6022856235504,241.0,244.0,0.75,450,HOLD
695.7582905292511,241.0,244.0,0.75,450,HOLD
695.8952858448029,241.0,244.0,0.75,450,HOLD
696.0382862091064,241.0,244.0,0.75,450,HOLD
696.1832847595215,241.0,244.0,0.75,450,HOLD
696.3232946395874,241.0,244.0,0.75,450,HOLD
696.453286409378,240.9,244.0,0.75,450,HOLD
696.5882859230042,240.9,244.0,0.75,450,HOLD
696.7202847003937,240.9,244.0,0.75,450,HOLD
696.9022858142853,240.9,244.0,0.75,450,HOLD
697.0432856082916,240.9,244.0,0.75,450,HOLD
697.2023153305054,240.9,244.0,0.75,450,HOLD
697.3322875499725,240.9,244.0,0.75,450,HOLD
697.4792873859406,240.9,244.0,0.75,450,HOLD
697.6202857494354,240.9,244.0,0.75,450,HOLD
697.7702860832214,240.9,244.0,0.75,450,HOLD
697.9063010215759,240.9,244.0,0.75,450,HOLD
698.0512852668762,240.9,244.0,0.75,450,HOLD
698.1742911338806,240.9,244.0,0.75,450,HOLD
698.3062965869904,240.9,244.0,0.75,450,HOLD
698.4482860565186,240.9,244.0,0.75,450,HOLD
698.588287115097,240.9,244.0,0.75,450,HOLD
698.738285779953,240.9,244.0,0.75,450,HOLD
698.8773202896118,240.9,244.0,0.75,450,HOLD
699.0062997341156,240.9,244.0,0.75,450,HOLD
699.1362855434418,240.9,244.0,0.75,450,HOLD
699.3292891979218,240.9,244.0,0.75,450,HOLD
699.4772870540619,240.9,244.0,0.75,450,HOLD
699.6172857284546,240.9,244.0,0.75,450,HOLD
699.7592885494232,240.9,244.0,0.75,450,HOLD
699.9052934646606,240.9,244.0,0.75,450,HOLD
700.0482861995697,240.9,244.0,0.75,450,HOLD
700.1912884712219,240.9,244.0,0.75,450,HOLD
700.3142852783203,240.9,244.0,0.75,450,HOLD
700.490309715271,241.0,244.0,0.75,450,HOLD
700.6362857818604,241.0,244.0,0.75,450,HOLD
700.7632927894592,241.0,244.0,0.75,450,HOLD
700.9123229980469,241.0,244.0,0.75,450,HOLD
701.055285692215,241.0,244.0,0.75,450,HOLD
701.1982860565186,241.0,244.0,0.75,450,HOLD
701.3382880687714,241.0,244.0,0.75,450,HOLD
701.4942994117737,241.0,244.0,0.75,450,HOLD
701.6452918052673,241.0,244.0,0.75,450,HOLD
701.7852847576141,241.0,244.0,0.75,450,HOLD
701.9162871837616,241.0,244.0,0.75,450,HOLD
702.0623185634613,241.0,244.0,0.75,450,HOLD
702.2002859115601,241.0,244.0,0.75,450,HOLD
702.3292877674103,241.0,244.0,0.75,450,HOLD
702.4692852497101,241.1,244.0,0.75,450,HOLD
702.6082890033722,241.1,244.0,0.75,450,HOLD
702.742285490036,241.1,244.0,0.75,450,HOLD
702.9192848205566,241.1,244.0,0.75,450,HOLD
703.0533158779144,241.1,244.0,0.75,450,HOLD
703.1912879943848,241.1,244.0,0.75,450,HOLD
703.3233270645142,241.2,244.0,0.75,450,HOLD
703.4642903804779,241.2,244.0,0.75,450,HOLD
703.6122875213623,241.2,244.0,0.75,450,HOLD
703.7553086280823,241.2,244.0,0.75,450,HOLD
703.8772921562195,241.2,244.0,0.75,450,HOLD
704.0428392887115,241.3,244.0,0.75,450,HOLD
704.1858282089233,241.3,244.0,0.75,450,HOLD
704.3458430767059,241.3,244.0,0.75,450,HOLD
704.4898490905762,241.3,244.0,0.75,450,HOLD
704.6388113498688,241.3,244.0,0.75,450,HOLD
704.7758448123932,241.3,244.0,0.75,450,HOLD
704.8998069763184,241.4,244.0,0.75,450,HOLD
705.0318405628204,241.4,244.0,0.75,450,HOLD
705.1728458404541,241.4,244.0,0.75,450,HOLD
705.3648087978363,241.5,244.0,0.75,450,HOLD
705.5028390884399,241.5,244.0,0.75,450,HOLD
705.6358065605164,241.5,244.0,0.75,450,HOLD
705.7638394832611,241.6,244.0,0.75,450,HOLD
705.90380859375,241.6,244.0,0.75,450,HOLD
706.0398483276367,241.7,244.0,0.75,450,HOLD
706.1838400363922,241.7,244.0,0.75,450,HOLD
706.3128426074982,241.7,244.0,0.75,450,HOLD
706.5018372535706,241.8,244.0,0.75,450,HOLD
706.6958441734314,241.8,244.0,0.75,450,HOLD
706.8358399868011,241.8,244.0,0.75,450,HOLD
706.981841802597,241.8,244.0,0.75,450,HOLD
707.1258101463318,241.8,244.0,0.75,450,HOLD
707.2698392868042,241.8,244.0,0.75,450,HOLD
707.3918113708496,241.8,244.0,0.75,450,HOLD
707.5458340644836,241.8,244.0,0.75,450,HOLD
707.6848435401917,241.9,244.0,0.75,450,HOLD
707.8768391609192,241.9,244.0,0.75,450,HOLD
708.0048079490662,241.9,244.0,0.75,450,HOLD
708.1478364467621,242.0,244.0,0.75,450,HOLD
708.2928121089935,242.0,244.0,0.75,450,HOLD
708.435839176178,242.1,244.0,0.75,450,HOLD
708.5798437595367,242.1,244.0,0.75,450,HOLD
708.7238194942474,242.1,244.0,0.75,450,HOLD
708.8668394088745,242.1,244.0,0.75,450,HOLD
709.0188386440277,242.1,244.0,0.75,450,HOLD
709.1558394432068,242.1,244.0,0.75,450,HOLD
709.2968111038208,242.2,244.0,0.75,450,HOLD
709.4258122444153,242.2,244.0,0.75,450,HOLD
709.5688383579254,242.2,244.0,0.75,450,HOLD
709.710841178894,242.3,244.0,0.75,450,HOLD
709.840811252594,242.3,244.0,0.75,450,HOLD
709.9708077907562,242.3,244.0,0.75,450,HOLD
710.10884141922,242.4,244.0,0.75,450,HOLD
710.3058350086212,242.4,244.0,0.75,450,HOLD
710.4428398609161,242.5,244.0,0.75,450,HOLD
710.5758354663849,242.5,244.0,0.75,450,HOLD
710.7058398723602,242.5,244.0,0.75,450,HOLD
710.846839427948,242.7,244.0,0.75,450,HOLD
710.990841627121,242.7,244.0,0.75,450,HOLD
711.1168093681335,242.7,244.0,0.75,450,HOLD
711.2588403224945,242.8,244.0,0.75,450,HOLD
711.4388117790222,242.8,244.0,0.75,450,HOLD
711.5818107128143,242.8,244.0,0.75,450,HOLD
711.7118351459503,242.8,244.0,0.75,450,HOLD
711.8518393039703,242.8,244.0,0.75,450,HOLD
711.981840133667,242.8,244.0,0.75,450,HOLD
712.1108429431915,243.0,244.0,0.75,450,HOLD
712.2528412342072,243.0,244.0,0.75,450,HOLD
712.3828067779541,243.0,244.0,0.75,450,HOLD
712.5208075046539,243.1,244.0,0.75,450,HOLD
712.7018435001373,243.1,244.0,0.75,450,HOLD
712.8378083705902,243.1,244.0,0.75,450,HOLD
712.9878077507019,243.3,244.0,0.75,450,HOLD
713.1218090057373,243.3,244.0,0.75,450,HOLD
713.2588126659393,243.5,244.0,0.75,450,HOLD
713.4058411121368,243.5,244.0,0.75,450,HOLD
713.5458147525787,243.5,244.0,0.75,450,HOLD
713.6758406162262,243.6,244.0,0.75,450,HOLD
713.8148384094238,243.6,244.0,0.75,450,HOLD
714.011842250824,243.6,244.0,0.75,450,HOLD
714.154807806015,243.8,244.0,0.75,450,HOLD
714.2828395366669,243.8,244.0,0.75,450,HOLD
714.4098317623138,243.8,244.0,0.75,450,HOLD
714.5528392791748,243.9,244.0,0.75,450,HOLD
714.6978392601013,243.9,244.0,0.75,450,HOLD
714.8418412208557,244.1,244.0,0.75,450,HOLD
714.9858384132385,244.1,244.0,0.75,450,HOLD
715.146810054779,244.1,244.0,0.75,450,HOLD
715.2898449897766,244.2,244.0,0.75,450,HOLD
715.433839559555,244.2,244.0,0.75,450,HOLD
715.5928404331207,244.2,244.0,0.75,450,HOLD
715.7368392944336,244.4,244.0,0.75,450,HOLD
715.8588099479675,244.4,244.0,0.75,450,HOLD
716.0058357715607,244.5,244.0,0.75,450,HOLD
716.2018401622772,244.5,244.0,0.75,450,HOLD
716.375839471817,244.5,244.0,0.75,450,HOLD
716.5038123130798,244.5,244.0,0.75,450,HOLD
716.6488389968872,244.5,244.0,0.75,450,HOLD
716.7918412685394,244.5,244.0,0.75,450,HOLD
716.9518382549286,244.7,244.0,0.75,450,HOLD
717.1108410358429,244.7,244.0,0.75,450,HOLD
717.2598421573639,244.8,244.0,0.75,450,HOLD
717.4138355255127,244.8,244.0,0.75,450,HOLD
717.5478422641754,244.8,244.0,0.75,450,HOLD
717.7188341617584,245.0,244.0,0.75,450,HOLD
717.9098360538483,245.0,244.0,0.75,450,HOLD
718.0388114452362,245.1,244.0,0.75,450,HOLD
718.1758382320404,245.1,244.0,0.75,450,HOLD
718.3118095397949,245.1,244.0,0.75,450,HOLD
718.453839302063,245.3,244.0,0.75,450,HOLD
718.5968070030212,245.3,244.0,0.75,450,HOLD
718.7348387241364,245.3,244.0,0.75,450,HOLD
718.8668394088745,245.4,244.0,0.75,450,HOLD
719.0408446788788,245.4,244.0,0.75,450,HOLD
719.2158420085907,245.4,244.0,0.75,450,HOLD
719.3588106632233,245.5,244.0,0.75,450,HOLD
719.4918110370636,245.5,244.0,0.75,450,HOLD
719.6338410377502,245.6,244.0,0.75,450,HOLD
719.7758402824402,245.6,244.0,0.75,450,HOLD
719.9148092269897,245.6,244.0,0.75,450,HOLD
720.0458409786224,245.8,244.0,0.75,450,HOLD
720.1878066062927,245.8,244.0,0.75,450,HOLD
720.3928136825562,245.8,244.0,0.75,450,HOLD
720.5578470230103,245.9,244.0,0.75,450,HOLD
720.689849615097,245.9,244.0,0.75,450,HOLD
720.8348336219788,245.9,244.0,0.75,450,HOLD
720.9758396148682,246.0,244.0,0.75,450,HOLD
721.1028344631195,246.0,244.0,0.75,450,HOLD
721.2318384647369,246.0,244.0,0.75,450,HOLD
721.3938112258911,246.0,244.0,0.75,450,HOLD
721.5368411540985,246.0,244.0,0.75,450,HOLD
721.6968343257904,246.2,244.0,0.75,450,HOLD
721.856812953949,246.2,244.0,0.75,450,HOLD
721.9988391399384,246.2,244.0,0.75,450,HOLD
722.1428339481354,246.3,244.0,0.75,450,HOLD
722.2728097438812,246.3,244.0,0.75,450,HOLD
722.4308412075043,246.3,244.0,0.75,450,HOLD
722.5928084850311,246.5,244.0,0.75,450,HOLD
722.7358391284943,246.5,244.0,0.75,450,HOLD
722.905844449997,246.6,244.0,0.75,450,HOLD
723.0818455219269,246.6,244.0,0.75,450,HOLD
723.2138121128082,246.6,244.0,0.75,450,HOLD
723.3578419685364,246.8,244.0,0.75,450,HOLD
723.4788675308228,246.8,244.0,0.75,450,HOLD
723.6298408508301,246.8,244.0,0.75,450,HOLD
723.7728593349457,247.0,244.0,0.75,450,HOLD
723.9168388843536,247.0,244.0,0.75,450,HOLD
724.0398461818695,247.1,244.0,0.75,450,HOLD
724.188814163208,247.1,244.0,0.75,450,HOLD
724.4018385410309,247.1,244.0,0.75,450,HOLD
724.554808139801,247.3,244.0,0.75,450,HOLD
724.692809343338,247.3,244.0,0.75,450,HOLD
724.8288130760193,247.3,244.0,0.75,450,HOLD
724.972846031189,247.5,244.0,0.75,450,HOLD
725.1138398647308,247.5,244.0,0.75,450,HOLD
725.2588436603546,247.6,244.0,0.75,450,HOLD
725.4148070812225,247.6,244.0,0.75,450,HOLD
725.5428383350372,247.6,244.0,0.75,450,HOLD
725.7188425064087,247.8,244.0,0.75,450,HOLD
725.918839931488,247.8,244.0,0.75,450,HOLD
726.0578413009644,247.8,244.0,0.75,450,HOLD
726.1858386993408,247.8,244.0,0.75,450,HOLD
726.3218092918396,247.8,244.0,0.75,450,HOLD
726.4552431106567,247.9,244.0,0.75,450,HOLD
726.6022417545319,247.9,244.0,0.75,450,HOLD
726.75124168396,247.9,244.0,0.75,450,HOLD
726.9192414283752,248.1,244.0,0.75,450,HOLD
727.0962471961975,248.1,244.0,0.75,450,HOLD
727.2332417964935,248.1,244.0,0.75,450,HOLD
727.3692419528961,248.3,244.0,0.75,450,HOLD
727.511244058609,248.3,244.0,0.75,450,HOLD
727.6402473449707,248.3,244.0,0.75,450,HOLD
727.7832415103912,248.4,244.0,0.75,450,HOLD
727.9282431602478,248.4,244.0,0.75,450,HOLD
728.0722434520721,248.5,244.0,0.75,450,HOLD
728.2152428627014,248.5,244.0,0.75,450,HOLD
728.3852412700653,248.6,244.0,0.75,450,HOLD
728.5812740325928,248.6,244.0,0.75,450,HOLD
728.7242524623871,248.6,244.0,0.75,450,HOLD
728.8712418079376,248.8,244.0,0.75,450,HOLD
729.008246421814,248.8,244.0,0.75,450,HOLD
729.1412813663483,248.8,244.0,0.75,450,HOLD
729.2702429294586,248.9,244.0,0.75,450,HOLD
729.4232478141785,248.9,244.0,0.75,450,HOLD
729.5542433261871,248.9,244.0,0.75,450,HOLD
729.7272543907166,249.0,244.0,0.75,450,HOLD
729.9082436561584,249.0,244.0,0.75,450,HOLD
730.0362415313721,249.0,244.0,0.75,450,HOLD
730.1792442798615,249.1,244.0,0.75,450,HOLD
730.3182682991028,249.1,244.0,0.75,450,HOLD
730.4502415657043,249.2,244.0,0.75,450,HOLD
730.5782759189606,249.2,244.0,0.75,450,HOLD
730.7062485218048,249.2,244.0,0.75,450,HOLD
730.8402462005615,249.2,244.0,0.75,450,HOLD
730.9742438793182,249.2,244.0,0.75,450,HOLD
731.1362445354462,249.2,244.0,0.75,450,HOLD
731.2672414779663,249.3,244.0,0.75,450,HOLD
731.4062852859497,249.3,244.0,0.75,450,HOLD
731.5372440814972,249.3,244.0,0.75,450,HOLD
731.6792440414429,249.4,244.0,0.75,450,HOLD
731.8092436790466,249.4,244.0,0.75,450,HOLD
731.9532413482666,249.4,244.0,0.75,450,HOLD
732.075243473053,249.5,244.0,0.75,450,HOLD
732.2532413005829,249.5,244.0,0.75,450,HOLD
732.4482424259186,249.6,244.0,0.75,450,HOLD
732.5912442207336,249.6,244.0,0.75,450,HOLD
732.7352757453918,249.6,244.0,0.75,450,HOLD
732.8692421913147,249.7,244.0,0.75,450,HOLD
733.0072832107544,249.7,244.0,0.75,450,HOLD
733.1522417068481,249.7,244.0,0.75,450,HOLD
733.2792458534241,249.7,244.0,0.75,450,HOLD
733.4072465896606,249.7,244.0,0.75,450,HOLD
733.5372416973114,249.7,244.0,0.75,450,HOLD
733.7062516212463,249.8,244.0,0.75,450,HOLD
733.8632452487946,249.8,244.0,0.75,450,HOLD
733.9982466697693,249.8,244.0,0.75,450,HOLD
734.1252756118774,249.9,244.0,0.75,450,HOLD
734.2582430839539,249.9,244.0,0.75,450,HOLD
734.3972442150116,249.9,244.0,0.75,450,HOLD
734.543242931366,249.9,244.0,0.75,450,HOLD
734.6862416267395,249.9,244.0,0.75,450,HOLD
734.8242468833923,250.0,244.0,0.75,450,HOLD
735.0362436771393,250.0,244.0,0.75,450,HOLD
735.2082431316376,250.0,244.0,0.75,450,HOLD
735.3362424373627,250.1,244.0,0.75,450,HOLD
735.4692416191101,250.1,244.0,0.75,450,HOLD
735.5982427597046,250.1,244.0,0.75,450,HOLD
735.751279592514,250.1,244.0,0.75,450,HOLD
735.8832416534424,250.1,244.0,0.75,450,HOLD
736.0272641181946,250.1,244.0,0.75,450,HOLD
736.1712431907654,250.1,244.0,0.75,450,HOLD
736.3412454128265,250.1,244.0,0.75,450,HOLD
736.522246837616,250.2,244.0,0.75,450,HOLD
736.6622459888458,250.2,244.0,0.75,450,HOLD
736.809244632721,250.2,244.0,0.75,450,HOLD
736.9342746734619,250.2,244.0,0.75,450,HOLD
737.0812895298004,250.2,244.0,0.75,450,HOLD
737.2052433490753,250.2,244.0,0.75,450,HOLD
737.3382425308228,250.3,244.0,0.75,450,HOLD
737.4722428321838,250.3,244.0,0.75,450,HOLD
737.6412451267242,250.3,244.0,0.75,450,HOLD
737.8152761459351,250.3,244.0,0.75,450,HOLD
737.9442484378815,250.3,244.0,0.75,450,HOLD
738.0682415962219,250.4,244.0,0.75,450,HOLD
738.1992802619934,250.4,244.0,0.75,450,HOLD
738.3292443752289,250.4,244.0,0.75,450,HOLD
738.4682416915894,250.4,244.0,0.75,450,HOLD
738.603241443634,250.4,244.0,0.75,450,HOLD
738.739244222641,250.4,244.0,0.75,450,HOLD
738.8722434043884,250.4,244.0,0.75,450,HOLD
739.0462441444397,250.4,244.0,0.75,450,HOLD
739.1902678012848,250.4,244.0,0.75,450,HOLD
739.3352417945862,250.4,244.0,0.75,450,HOLD
739.4672739505768,250.4,244.0,0.75,450,HOLD
739.6062481403351,250.4,244.0,0.75,450,HOLD
739.7492444515228,250.5,244.0,0.75,450,HOLD
739.8962445259094,250.5,244.0,0.75,450,HOLD
740.03724193573,250.5,244.0,0.75,450,HOLD
740.1792461872101,250.5,244.0,0.75,450,HOLD
740.3532431125641,250.5,244.0,0.75,450,HOLD
740.4862422943115,250.5,244.0,0.75,450,HOLD
740.6282768249512,250.5,244.0,0.75,450,HOLD
740.7562849521637,250.5,244.0,0.75,450,HOLD
740.8962457180023,250.5,244.0,0.75,450,HOLD
741.0292463302612,250.5,244.0,0.75,450,HOLD
741.1792447566986,250.5,244.0,0.75,450,HOLD
741.331241607666,250.4,244.0,0.75,450,HOLD
741.5022428035736,250.4,244.0,0.75,450,HOLD
741.651242017746,250.4,244.0,0.75,450,HOLD
741.7942442893982,250.4,244.0,0.75,450,HOLD
741.9222469329834,250.4,244.0,0.75,450,HOLD
742.0462775230408,250.4,244.0,0.75,450,HOLD
742.1952748298645,250.3,244.0,0.75,450,HOLD
742.3372452259064,250.3,244.0,0.75,450,HOLD
742.4662415981293,250.3,244.0,0.75,450,HOLD
742.606246471405,250.3,244.0,0.75,450,HOLD
742.7322418689728,250.3,244.0,0.75,450,HOLD
742.8862419128418,250.3,244.0,0.75,450,HOLD
743.0412442684174,250.3,244.0,0.75,450,HOLD
743.192244052887,250.3,244.0,0.75,450,HOLD
743.3292443752289,250.2,244.0,0.75,450,HOLD
743.4562830924988,250.2,244.0,0.75,450,HOLD
743.5952429771423,250.2,244.0,0.75,450,HOLD
743.7242455482483,250.2,244.0,0.75,450,HOLD
743.8562471866608,250.2,244.0,0.75,450,HOLD
744.0002417564392,250.2,244.0,0.75,450,HOLD
744.1262443065643,250.2,244.0,0.75,450,HOLD
744.3002414703369,250.2,244.0,0.75,450,HOLD
744.4472420215607,250.2,244.0,0.75,450,HOLD
744.5852444171906,250.2,244.0,0.75,450,HOLD
744.7152423858643,250.2,244.0,0.75,450,HOLD
744.8552422523499,250.1,244.0,0.75,450,HOLD
745.0022428035736,250.1,244.0,0.75,450,HOLD
745.1502413749695,250.1,244.0,0.75,450,HOLD
745.3002417087555,250.1,244.0,0.75,450,HOLD
745.4322426319122,250.1,244.0,0.75,450,HOLD
745.577244758606,250.1,244.0,0.75,450,HOLD
745.7942440509796,250.1,244.0,0.75,450,HOLD
745.9322748184204,250.1,244.0,0.75,450,HOLD
746.0772488117218,250.1,244.0,0.75,450,HOLD
746.2362427711487,250.1,244.0,0.75,450,HOLD
746.3802416324615,250.1,244.0,0.75,450,HOLD
746.509284734726,250.1,244.0,0.75,450,HOLD
746.6472735404968,250.1,244.0,0.75,450,HOLD
746.7792456150055,250.1,244.0,0.75,450,HOLD
746.9392437934875,250.1,244.0,0.75,450,HOLD
747.1262443065643,250.1,244.0,0.75,450,HOLD
747.2752437591553,250.0,244.0,0.75,450,HOLD
747.4212412834167,250.0,244.0,0.75,450,HOLD
747.5632441043854,250.0,244.0,0.75,450,HOLD
747.7112438678741,250.0,244.0,0.75,450,HOLD
747.8452484607697,250.0,244.0,0.75,450,HOLD
747.9782431125641,250.0,244.0,0.75,450,HOLD
748.1192424297333,250.0,244.0,0.75,450,HOLD
748.2922441959381,250.0,244.0,0.75,450,HOLD
748.485241651535,250.0,244.0,0.75,450,HOLD
748.6172749996185,250.0,244.0,0.75,450,HOLD
748.7452464103699,250.0,244.0,0.75,450,HOLD
748.8722445964813,250.0,244.0,0.75,450,HOLD
749.0102434158325,250.0,244.0,0.75,450,HOLD
749.1442430019379,250.0,244.0,0.75,450,HOLD
749.2722449302673,249.9,244.0,0.75,450,HOLD
749.4062509536743,249.9,244.0,0.75,450,HOLD
749.5402479171753,249.9,244.0,0.75,450,HOLD
749.6992421150208,249.9,244.0,0.75,450,HOLD
749.8942446708679,249.9,244.0,0.75,450,HOLD
750.0392436981201,249.9,244.0,0.75,450,HOLD
750.1672415733337,249.9,244.0,0.75,450,HOLD
750.3212416172028,249.9,244.0,0.75,450,HOLD
750.4702734947205,249.9,244.0,0.75,450,HOLD
750.5992424488068,249.9,244.0,0.75,450,HOLD
750.7562499046326,249.9,244.0,0.75,450,HOLD
750.9262428283691,249.8,244.0,0.75,450,HOLD
751.0932443141937,249.8,244.0,0.75,450,HOLD
751.237242937088,249.8,244.0,0.75,450,HOLD
751.3812413215637,249.8,244.0,0.75,450,HOLD
751.5172426700592,249.8,244.0,0.75,450,HOLD
751.6522414684296,249.8,244.0,0.75,450,HOLD
751.7962446212769,249.8,244.0,0.75,450,HOLD
751.9362413883209,249.8,244.0,0.75,450,HOLD
752.0952489376068,249.7,244.0,0.75,450,HOLD
752.255243062973,249.7,244.0,0.75,450,HOLD
752.4462447166443,249.7,244.0,0.75,450,HOLD
752.5792455673218,249.7,244.0,0.75,450,HOLD
752.7072448730469,249.7,244.0,0.75,450,HOLD
752.8462464809418,249.7,244.0,0.75,450,HOLD
752.9762427806854,249.7,244.0,0.75,450,HOLD
753.1282429695129,249.7,244.0,0.75,450,HOLD
753.2662420272827,249.7,244.0,0.75,450,HOLD
753.4102697372437,249.7,244.0,0.75,450,HOLD
753.5352418422699,249.7,244.0,0.75,450,HOLD
753.7142419815063,249.6,244.0,0.75,450,HOLD
753.884274482727,249.6,244.0,0.75,450,HOLD
754.0182418823242,249.6,244.0,0.75,450,HOLD
754.1412787437439,249.6,244.0,0.75,450,HOLD
754.2732467651367,249.6,244.0,0.75,450,HOLD
754.4172420501709,249.6,244.0,0.75,450,HOLD
754.542275428772,249.6,244.0,0.75,450,HOLD
754.6722438335419,249.6,244.0,0.75,450,HOLD
754.7992417812347,249.6,244.0,0.75,450,HOLD
754.9404771327972,249.6,244.0,0.75,450,HOLD
755.13250207901,249.6,244.0,0.75,450,HOLD
755.2594828605652,249.5,244.0,0.75,450,HOLD
755.3914749622345,249.5,244.0,0.75,450,HOLD
755.5475022792816,249.5,244.0,0.75,450,HOLD
755.6785085201263,249.4,244.0,0.75,450,HOLD
755.8065042495728,249.4,244.0,0.75,450,HOLD
755.9475057125092,249.4,244.0,0.75,450,HOLD
756.0745055675507,249.4,244.0,0.75,450,HOLD
756.2505025863647,249.4,244.0,0.75,450,HOLD
756.4134731292725,249.4,244.0,0.75,450,HOLD
756.5525097846985,249.3,244.0,0.75,450,HOLD
756.6965084075928,249.3,244.0,0.75,450,HOLD
756.8275032043457,249.3,244.0,0.75,450,HOLD
756.9525017738342,249.2,244.0,0.75,450,HOLD
757.0775058269501,249.2,244.0,0.75,450,HOLD
757.212485074997,249.2,244.0,0.75,450,HOLD
757.3575015068054,249.1,244.0,0.75,450,HOLD
757.500470161438,249.1,244.0,0.75,450,HOLD
757.6924726963043,249.1,244.0,0.75,450,HOLD
757.9045014381409,249.1,244.0,0.75,450,HOLD
758.0385050773621,249.0,244.0,0.75,450,HOLD
758.1865072250366,249.0,244.0,0.75,450,HOLD
758.3215036392212,249.0,244.0,0.75,450,HOLD
758.4524698257446,249.0,244.0,0.75,450,HOLD
758.5874736309052,249.0,244.0,0.75,450,HOLD
758.7304699420929,249.0,244.0,0.75,450,HOLD
758.8494696617126,248.9,244.0,0.75,450,HOLD
759.01247215271,248.9,244.0,0.75,450,HOLD
759.1935029029846,248.9,244.0,0.75,450,HOLD
759.3194704055786,248.8,244.0,0.75,450,HOLD
759.4645023345947,248.8,244.0,0.75,450,HOLD
759.6095027923584,248.8,244.0,0.75,450,HOLD
759.7525022029877,248.8,244.0,0.75,450,HOLD
759.8814702033997,248.8,244.0,0.75,450,HOLD
760.0244760513306,248.8,244.0,0.75,450,HOLD
760.1695032119751,248.7,244.0,0.75,450,HOLD
760.3385035991669,248.7,244.0,0.75,450,HOLD
760.5025055408478,248.6,244.0,0.75,450,HOLD
760.6474697589874,248.6,244.0,0.75,450,HOLD
760.7754998207092,248.6,244.0,0.75,450,HOLD
760.9194965362549,248.5,244.0,0.75,450,HOLD
761.0584709644318,248.5,244.0,0.75,450,HOLD
761.19047498703,248.5,244.0,0.75,450,HOLD
761.3185045719147,248.4,244.0,0.75,450,HOLD
761.441504240036,248.4,244.0,0.75,450,HOLD
761.587473154068,248.4,244.0,0.75,450,HOLD
761.7755053043365,248.3,244.0,0.75,450,HOLD
761.9575047492981,248.3,244.0,0.75,450,HOLD
762.085471868515,248.2,244.0,0.75,450,HOLD
762.2125124931335,248.2,244.0,0.75,450,HOLD
762.3395113945007,248.2,244.0,0.75,450,HOLD
762.4745035171509,248.1,244.0,0.75,450,HOLD
762.6125087738037,248.1,244.0,0.75,450,HOLD
762.7405080795288,248.1,244.0,0.75,450,HOLD
762.8845021724701,248.0,244.0,0.75,450,HOLD
763.0434727668762,248.0,244.0,0.75,450,HOLD
763.2195012569427,248.0,244.0,0.75,450,HOLD
763.3634719848633,247.9,244.0,0.75,450,HOLD
763.4914724826813,247.9,244.0,0.75,450,HOLD
763.6355020999908,247.9,244.0,0.75,450,HOLD
763.7725055217743,247.8,244.0,0.75,450,HOLD
763.9004731178284,247.8,244.0,0.75,450,HOLD
764.0345048904419,247.8,244.0,0.75,450,HOLD
764.1565043926239,247.7,244.0,0.75,450,HOLD
764.2855036258698,247.7,244.0,0.75,450,HOLD
764.41650223732,247.7,244.0,0.75,450,HOLD
764.6034693717957,247.7,244.0,0.75,450,HOLD
764.7375032901764,247.7,244.0,0.75,450,HOLD
764.8765020370483,247.6,244.0,0.75,450,HOLD
765.0105032920837,247.6,244.0,0.75,450,HOLD
765.135498046875,247.6,244.0,0.75,450,HOLD
765.2785036563873,247.5,244.0,0.75,450,HOLD
765.4084737300873,247.5,244.0,0.75,450,HOLD
765.536502122879,247.5,244.0,0.75,450,HOLD
765.6745054721832,247.4,244.0,0.75,450,HOLD
765.8604760169983,247.4,244.0,0.75,450,HOLD
766.015469789505,247.4,244.0,0.75,450,HOLD
766.1604714393616,247.3,244.0,0.75,450,HOLD
766.3035025596619,247.3,244.0,0.75,450,HOLD
766.4455099105835,247.2,244.0,0.75,450,HOLD
766.5975029468536,247.2,244.0,0.75,450,HOLD
766.7355024814606,247.2,244.0,0.75,450,HOLD
766.87850689888,247.1,244.0,0.75,450,HOLD
767.0375027656555,247.1,244.0,0.75,450,HOLD
767.1925022602081,247.1,244.0,0.75,450,HOLD
767.3524696826935,247.0,244.0,0.75,450,HOLD
767.4995021820068,247.0,244.0,0.75,450,HOLD
767.6294779777527,247.0,244.0,0.75,450,HOLD
767.7725069522858,246.9,244.0,0.75,450,HOLD
767.9175040721893,246.9,244.0,0.75,450,HOLD
768.0445036888123,246.8,244.0,0.75,450,HOLD
768.1945061683655,246.8,244.0,0.75,450,HOLD
768.3324749469757,246.8,244.0,0.75,450,HOLD
768.4914772510529,246.7,244.0,0.75,450,HOLD
768.6835057735443,246.7,244.0,0.75,450,HOLD
768.8425042629242,246.6,244.0,0.75,450,HOLD
768.9865036010742,246.6,244.0,0.75,450,HOLD
769.1195027828217,246.6,244.0,0.75,450,HOLD
769.2594993114471,246.6,244.0,0.75,450,HOLD
769.4024968147278,246.6,244.0,0.75,450,HOLD
769.5355007648468,246.6,244.0,0.75,450,HOLD
769.6694703102112,246.6,244.0,0.75,450,HOLD
769.8085038661957,246.6,244.0,0.75,450,HOLD
769.9724714756012,246.6,244.0,0.75,450,HOLD
770.1375021934509,246.5,244.0,0.75,450,HOLD
770.2654700279236,246.5,244.0,0.75,450,HOLD
770.3944869041443,246.5,244.0,0.75,450,HOLD
770.5385076999664,246.4,244.0,0.75,450,HOLD
770.6635069847107,246.4,244.0,0.75,450,HOLD
770.8155019283295,246.4,244.0,0.75,450,HOLD
770.9534709453583,246.3,244.0,0.75,450,HOLD
771.0924987792969,246.3,244.0,0.75,450,HOLD
771.3025016784668,246.3,244.0,0.75,450,HOLD
771.4635093212128,246.3,244.0,0.75,450,HOLD
771.588502407074,246.3,244.0,0.75,450,HOLD
771.7145020961761,246.2,244.0,0.75,450,HOLD
771.8415040969849,246.2,244.0,0.75,450,HOLD
771.9674966335297,246.2,244.0,0.75,450,HOLD
772.1025013923645,246.1,244.0,0.75,450,HOLD
772.2314734458923,246.1,244.0,0.75,450,HOLD
772.3735065460205,246.1,244.0,0.75,450,HOLD
772.5514698028564,246.0,244.0,0.75,450,HOLD
772.7734761238098,246.0,244.0,0.75,450,HOLD
772.9025058746338,245.9,244.0,0.75,450,HOLD
773.0614733695984,245.9,244.0,0.75,450,HOLD
773.20450258255,245.9,244.0,0.75,450,HOLD
773.3665018081665,245.8,244.0,0.75,450,HOLD
773.4914712905884,245.8,244.0,0.75,450,HOLD
773.6285028457642,245.8,244.0,0.75,450,HOLD
773.76447224617,245.7,244.0,0.75,450,HOLD
773.9244725704193,245.7,244.0,0.75,450,HOLD
774.08447265625,245.7,244.0,0.75,450,HOLD
774.2254738807678,245.7,244.0,0.75,450,HOLD
774.3714694976807,245.7,244.0,0.75,450,HOLD
774.4944756031036,245.6,244.0,0.75,450,HOLD
774.6455299854279,245.6,244.0,0.75,450,HOLD
774.7865028381348,245.6,244.0,0.75,450,HOLD
774.9294722080231,245.4,244.0,0.75,450,HOLD
775.0544712543488,245.4,244.0,0.75,450,HOLD
775.2304720878601,245.3,244.0,0.75,450,HOLD
775.3955039978027,245.3,244.0,0.75,450,HOLD
775.5304701328278,245.3,244.0,0.75,450,HOLD
775.6664707660675,245.2,244.0,0.75,450,HOLD
775.8095037937164,245.2,244.0,0.75,450,HOLD
775.9495017528534,245.2,244.0,0.75,450,HOLD
776.0815026760101,245.1,244.0,0.75,450,HOLD
776.2315096855164,245.1,244.0,0.75,450,HOLD
776.3675014972687,245.1,244.0,0.75,450,HOLD
776.5195026397705,245.0,244.0,0.75,450,HOLD
776.6834707260132,245.0,244.0,0.75,450,HOLD
776.8485040664673,245.0,244.0,0.75,450,HOLD
776.975504398346,244.9,244.0,0.75,450,HOLD
777.1034696102142,244.9,244.0,0.75,450,HOLD
777.2455019950867,244.9,244.0,0.75,450,HOLD
777.3695015907288,244.8,244.0,0.75,450,HOLD
777.5034699440002,244.8,244.0,0.75,450,HOLD
777.6485028266907,244.7,244.0,0.75,450,HOLD
777.7865025997162,244.7,244.0,0.75,450,HOLD
777.9245047569275,244.7,244.0,0.75,450,HOLD
778.0624740123749,244.6,244.0,0.75,450,HOLD
778.2065095901489,244.6,244.0,0.75,450,HOLD
778.330502986908,244.6,244.0,0.75,450,HOLD
778.458473443985,244.5,244.0,0.75,450,HOLD
778.6050181388855,244.5,244.0,0.75,450,HOLD
778.7460265159607,244.5,244.0,0.75,450,HOLD
778.8780512809753,244.5,244.0,0.75,450,HOLD
779.0050175189972,244.5,244.0,0.75,450,HOLD
779.1280229091644,244.5,244.0,0.75,450,HOLD
779.2720293998718,244.4,244.0,0.75,450,HOLD
779.4700183868408,244.4,244.0,0.75,450,HOLD
779.6110515594482,244.4,244.0,0.75,450,HOLD
779.7510168552399,244.3,244.0,0.75,450,HOLD
779.8800520896912,244.3,244.0,0.75,450,HOLD
780.0290253162384,244.3,244.0,0.75,450,HOLD
780.152049779892,244.2,244.0,0.75,450,HOLD
780.2830436229706,244.2,244.0,0.75,450,HOLD
780.4110505580902,244.2,244.0,0.75,450,HOLD
780.5990488529205,244.2,244.0,0.75,450,HOLD
780.7780516147614,244.2,244.0,0.75,450,HOLD
780.9230544567108,244.1,244.0,0.75,450,HOLD
781.0630257129669,244.1,244.0,0.75,450,HOLD
781.2100186347961,244.1,244.0,0.75,450,HOLD
781.3520514965057,244.0,244.0,0.75,450,HOLD
781.4820511341095,244.0,244.0,0.75,450,HOLD
781.6220219135284,244.0,244.0,0.75,450,HOLD
781.7690169811249,243.9,244.0,0.75,450,HOLD
781.9030492305756,243.9,244.0,0.75,450,HOLD
782.0540521144867,243.9,244.0,0.75,450,HOLD
782.1980497837067,243.9,244.0,0.75,450,HOLD
782.3720324039459,243.9,244.0,0.75,450,HOLD
782.5040516853333,243.8,244.0,0.75,450,HOLD
782.631049156189,243.8,244.0,0.75,450,HOLD
782.7580261230469,243.8,244.0,0.75,450,HOLD
782.8980498313904,243.7,244.0,0.75,450,HOLD
783.0480489730835,243.7,244.0,0.75,450,HOLD
783.197016954422,243.7,244.0,0.75,450,HOLD
783.3840191364288,243.7,244.0,0.75,450,HOLD
783.5260200500488,243.7,244.0,0.75,450,HOLD
783.662050485611,243.7,244.0,0.75,450,HOLD
783.7970495223999,243.7,244.0,0.75,450,HOLD
783.9260547161102,243.7,244.0,0.75,450,HOLD
784.0540540218353,243.7,244.0,0.75,450,HOLD
784.1970498561859,243.6,244.0,0.75,450,HOLD
784.3410513401031,243.6,244.0,0.75,450,HOLD
784.4710493087769,243.5,244.0,0.75,450,HOLD
784.644050359726,243.5,244.0,0.75,450,HOLD
784.8050193786621,243.5,244.0,0.75,450,HOLD
784.9470496177673,243.4,244.0,0.75,450,HOLD
785.0910243988037,243.4,244.0,0.75,450,HOLD
785.2360491752625,243.3,244.0,0.75,450,HOLD
785.396018743515,243.3,244.0,0.75,450,HOLD
785.5380499362946,243.3,244.0,0.75,450,HOLD
785.6830554008484,243.2,244.0,0.75,450,HOLD
785.8280203342438,243.2,244.0,0.75,450,HOLD
786.0020523071289,243.2,244.0,0.75,450,HOLD
786.1640498638153,243.2,244.0,0.75,450,HOLD
786.3220481872559,243.2,244.0,0.75,450,HOLD
786.451016664505,243.2,244.0,0.75,450,HOLD
786.5930190086365,243.1,244.0,0.75,450,HOLD
786.7210171222687,243.1,244.0,0.75,450,HOLD
786.8490514755249,243.1,244.0,0.75,450,HOLD
786.9890551567078,243.0,244.0,0.75,450,HOLD
787.1190176010132,243.0,244.0,0.75,450,HOLD
787.2940497398376,242.9,244.0,0.75,450,HOLD
787.4400246143341,242.9,244.0,0.75,450,HOLD
787.590024471283,242.9,244.0,0.75,450,HOLD
787.728019952774,242.8,244.0,0.75,450,HOLD
787.872020483017,242.8,244.0,0.75,450,HOLD
788.0310499668121,242.8,244.0,0.75,450,HOLD
788.161050081253,242.7,244.0,0.75,450,HOLD
788.3000440597534,242.7,244.0,0.75,450,HOLD
788.4960477352142,242.7,244.0,0.75,450,HOLD
788.6380560398102,242.7,244.0,0.75,450,HOLD
788.7730550765991,242.7,244.0,0.75,450,HOLD
788.9130182266235,242.6,244.0,0.75,450,HOLD
789.0550549030304,242.6,244.0,0.75,450,HOLD
789.197021484375,242.6,244.0,0.75,450,HOLD
789.3220202922821,242.4,244.0,0.75,450,HOLD
789.4520494937897,242.4,244.0,0.75,450,HOLD
789.6210198402405,242.4,244.0,0.75,450,HOLD
789.7720229625702,242.3,244.0,0.75,450,HOLD
789.902016878128,242.3,244.0,0.75,450,HOLD
790.0460221767426,242.3,244.0,0.75,450,HOLD
790.1950192451477,242.2,244.0,0.75,450,HOLD
790.3310489654541,242.2,244.0,0.75,450,HOLD
790.4760510921478,242.2,244.0,0.75,450,HOLD
790.6360533237457,242.2,244.0,0.75,450,HOLD
790.7740535736084,242.2,244.0,0.75,450,HOLD
790.9720306396484,242.1,244.0,0.75,450,HOLD
791.1150488853455,242.1,244.0,0.75,450,HOLD
791.2440183162689,242.1,244.0,0.75,450,HOLD
791.3860552310944,242.0,244.0,0.75,450,HOLD
791.5110507011414,242.0,244.0,0.75,450,HOLD
791.6580467224121,241.9,244.0,0.75,450,HOLD
791.8020212650299,241.9,244.0,0.75,450,HOLD
791.9240517616272,241.9,244.0,0.75,450,HOLD
792.1090550422668,241.9,244.0,0.75,450,HOLD
792.2800269126892,241.9,244.0,0.75,450,HOLD
792.4260201454163,241.9,244.0,0.75,450,HOLD
792.5700168609619,241.8,244.0,0.75,450,HOLD
792.7180168628693,241.8,244.0,0.75,450,HOLD
792.8740503787994,241.8,244.0,0.75,450,HOLD
793.0120601654053,241.8,244.0,0.75,450,HOLD
793.1600196361542,241.8,244.0,0.75,450,HOLD
793.3030488491058,241.8,244.0,0.75,450,HOLD
793.4650490283966,241.8,244.0,0.75,450,HOLD
793.6040515899658,241.8,244.0,0.75,450,HOLD
793.7360501289368,241.7,244.0,0.75,450,HOLD
793.8790698051453,241.7,244.0,0.75,450,HOLD
794.0220217704773,241.7,244.0,0.75,450,HOLD
794.1670179367065,241.7,244.0,0.75,450,HOLD
794.315052986145,241.7,244.0,0.75,450,HOLD
794.4450554847717,241.7,244.0,0.75,450,HOLD
794.5820498466492,241.6,244.0,0.75,450,HOLD
794.7580206394196,241.6,244.0,0.75,450,HOLD
794.9030492305756,241.6,244.0,0.75,450,HOLD
795.0450246334076,241.6,244.0,0.75,450,HOLD
795.1890518665314,241.6,244.0,0.75,450,HOLD
795.3320519924164,241.5,244.0,0.75,450,HOLD
795.469048500061,241.5,244.0,0.75,450,HOLD
795.6010520458221,241.5,244.0,0.75,450,HOLD
795.7710180282593,241.5,244.0,0.75,450,HOLD
795.9560561180115,241.5,244.0,0.75,450,HOLD
796.099050283432,241.4,244.0,0.75,450,HOLD
796.2590200901031,241.4,244.0,0.75,450,HOLD
796.4020447731018,241.4,244.0,0.75,450,HOLD
796.5470178127289,241.4,244.0,0.75,450,HOLD
796.675018787384,241.4,244.0,0.75,450,HOLD
796.8350205421448,241.4,244.0,0.75,450,HOLD
796.9620540142059,241.3,244.0,0.75,450,HOLD
797.1050448417664,241.3,244.0,0.75,450,HOLD
797.2510230541229,241.3,244.0,0.75,450,HOLD
797.3720228672028,241.3,244.0,0.75,450,HOLD
797.5330488681793,241.3,244.0,0.75,450,HOLD
797.6650190353394,241.3,244.0,0.75,450,HOLD
797.8310487270355,241.3,244.0,0.75,450,HOLD
797.965048789978,241.3,244.0,0.75,450,HOLD
798.0960268974304,241.3,244.0,0.75,450,HOLD
798.2730231285095,241.3,244.0,0.75,450,HOLD
798.4850165843964,241.2,244.0,0.75,450,HOLD
798.6200494766235,241.2,244.0,0.75,450,HOLD
798.7520167827606,241.2,244.0,0.75,450,HOLD
798.8960540294647,241.2,244.0,0.75,450,HOLD
799.0360181331635,241.2,244.0,0.75,450,HOLD
799.1660497188568,241.2,244.0,0.75,450,HOLD
799.2940196990967,241.2,244.0,0.75,450,HOLD
799.4380497932434,241.2,244.0,0.75,450,HOLD
799.6310172080994,241.2,244.0,0.75,450,HOLD
799.7650184631348,241.2,244.0,0.75,450,HOLD
799.903018951416,241.2,244.0,0.75,450,HOLD
800.0250217914581,241.2,244.0,0.75,450,HOLD
800.1750545501709,241.1,244.0,0.75,450,HOLD
800.3190171718597,241.1,244.0,0.75,450,HOLD
800.4770495891571,241.1,244.0,0.75,450,HOLD
800.6070537567139,241.1,244.0,0.75,450,HOLD
800.7810168266296,241.1,244.0,0.75,450,HOLD
800.9470491409302,241.1,244.0,0.75,450,HOLD
801.0860497951508,241.1,244.0,0.75,450,HOLD
801.2280197143555,241.1,244.0,0.75,450,HOLD
801.3730533123016,241.1,244.0,0.75,450,HOLD
801.5120794773102,241.1,244.0,0.75,450,HOLD
801.655056476593,241.1,244.0,0.75,450,HOLD
801.7970488071442,241.1,244.0,0.75,450,HOLD
801.9900913238525,241.1,244.0,0.75,450,HOLD
802.1720509529114,241.1,244.0,0.75,450,HOLD
802.3150174617767,241.1,244.0,0.75,450,HOLD
802.4480483531952,241.1,244.0,0.75,450,HOLD
802.5850489139557,241.1,244.0,0.75,450,HOLD
802.7290487289429,241.1,244.0,0.75,450,HOLD
802.8730578422546,241.1,244.0,0.75,450,HOLD
803.0030512809753,241.1,244.0,0.75,450,HOLD
803.1400279998779,241.1,244.0,0.75,450,HOLD
803.3560202121735,241.1,244.0,0.75,450,HOLD
803.4970505237579,241.1,244.0,0.75,450,HOLD
803.6200494766235,241.1,244.0,0.75,450,HOLD
803.7610569000244,241.1,244.0,0.75,450,HOLD
803.8960194587708,241.1,244.0,0.75,450,HOLD
804.0390231609344,241.1,244.0,0.75,450,HOLD
804.1680166721344,241.1,244.0,0.75,450,HOLD
804.3070538043976,241.1,244.0,0.75,450,HOLD
804.4980454444885,241.1,244.0,0.75,450,HOLD
804.6950187683105,241.1,244.0,0.75,450,HOLD
804.8230566978455,241.1,244.0,0.75,450,HOLD
804.9520552158356,241.2,244.0,0.75,450,HOLD
805.0950207710266,241.2,244.0,0.75,450,HOLD
805.2380175590515,241.2,244.0,0.75,450,HOLD
805.3820736408234,241.2,244.0,0.75,450,HOLD
805.5260739326477,241.2,244.0,0.75,450,HOLD
805.6761050224304,241.3,244.0,0.75,450,HOLD
805.8291103839874,241.3,244.0,0.75,450,HOLD
805.9671049118042,241.3,244.0,0.75,450,HOLD
806.1011040210724,241.3,244.0,0.75,450,HOLD
806.2460789680481,241.3,244.0,0.75,450,HOLD
806.3851013183594,241.3,244.0,0.75,450,HOLD
806.5160984992981,241.3,244.0,0.75,450,HOLD
806.6451075077057,241.3,244.0,0.75,450,HOLD
806.7880725860596,241.3,244.0,0.75,450,HOLD
806.929075717926,241.4,244.0,0.75,450,HOLD
807.0921082496643,241.4,244.0,0.75,450,HOLD
807.2360985279083,241.4,244.0,0.75,450,HOLD
807.3751003742218,241.5,244.0,0.75,450,HOLD
807.5071089267731,241.5,244.0,0.75,450,HOLD
807.6351065635681,241.5,244.0,0.75,450,HOLD
807.7630751132965,241.5,244.0,0.75,450,HOLD
807.9061076641083,241.5,244.0,0.75,450,HOLD
808.0471076965332,241.6,244.0,0.75,450,HOLD
808.2270748615265,241.6,244.0,0.75,450,HOLD
808.4031069278717,241.6,244.0,0.75,450,HOLD
808.5451118946075,241.6,244.0,0.75,450,HOLD
808.6670715808868,241.6,244.0,0.75,450,HOLD
808.8001055717468,241.6,244.0,0.75,450,HOLD
808.9301059246063,241.7,244.0,0.75,450,HOLD
809.0880761146545,241.7,244.0,0.75,450,HOLD
809.2331030368805,241.7,244.0,0.75,450,HOLD
809.3711037635803,241.8,244.0,0.75,450,HOLD
809.5681040287018,241.8,244.0,0.75,450,HOLD
809.7131085395813,241.9,244.0,0.75,450,HOLD
809.8551318645477,241.9,244.0,0.75,450,HOLD
809.9951012134552,241.9,244.0,0.75,450,HOLD
810.127105474472,242.0,244.0,0.75,450,HOLD
810.2560751438141,242.0,244.0,0.75,450,HOLD
810.4041044712067,242.0,244.0,0.75,450,HOLD
810.5420761108398,242.1,244.0,0.75,450,HOLD
810.6980743408203,242.1,244.0,0.75,450,HOLD
810.8851044178009,242.3,244.0,0.75,450,HOLD
811.0220744609833,242.3,244.0,0.75,450,HOLD
811.1650841236115,242.3,244.0,0.75,450,HOLD
811.3050742149353,242.4,244.0,0.75,450,HOLD
811.453104019165,242.4,244.0,0.75,450,HOLD
811.5770773887634,242.4,244.0,0.75,450,HOLD
811.7080745697021,242.5,244.0,0.75,450,HOLD
811.8471102714539,242.5,244.0,0.75,450,HOLD
812.0080735683441,242.5,244.0,0.75,450,HOLD
812.1530737876892,242.6,244.0,0.75,450,HOLD
812.283100605011,242.6,244.0,0.75,450,HOLD
812.4450747966766,242.6,244.0,0.75,450,HOLD
812.5831046104431,242.6,244.0,0.75,450,HOLD
812.7121241092682,242.6,244.0,0.75,450,HOLD
812.8430738449097,242.6,244.0,0.75,450,HOLD
812.9710714817047,242.7,244.0,0.75,450,HOLD
813.1630735397339,242.7,244.0,0.75,450,HOLD
813.3020715713501,242.9,244.0,0.75,450,HOLD
813.4321081638336,242.9,244.0,0.75,450,HOLD
813.5621120929718,242.9,244.0,0.75,450,HOLD
813.7011044025421,243.0,244.0,0.75,450,HOLD
813.8351035118103,243.0,244.0,0.75,450,HOLD
813.9751162528992,243.0,244.0,0.75,450,HOLD
814.1221055984497,243.1,244.0,0.75,450,HOLD
814.3031058311462,243.1,244.0,0.75,450,HOLD
814.4410753250122,243.1,244.0,0.75,450,HOLD
814.5851044654846,243.2,244.0,0.75,450,HOLD
814.7280757427216,243.2,244.0,0.75,450,HOLD
814.8720786571503,243.4,244.0,0.75,450,HOLD
815.0161066055298,243.4,244.0,0.75,450,HOLD
815.1591057777405,243.4,244.0,0.75,450,HOLD
815.2820992469788,243.5,244.0,0.75,450,HOLD
815.4091103076935,243.5,244.0,0.75,450,HOLD
815.5900769233704,243.5,244.0,0.75,450,HOLD
815.7190728187561,243.6,244.0,0.75,450,HOLD
815.8630747795105,243.6,244.0,0.75,450,HOLD
816.0051074028015,243.6,244.0,0.75,450,HOLD
816.1351053714752,243.7,244.0,0.75,450,HOLD
816.2780754566193,243.7,244.0,0.75,450,HOLD
816.4150755405426,243.7,244.0,0.75,450,HOLD
816.5441062450409,243.8,244.0,0.75,450,HOLD
816.7220773696899,243.8,244.0,0.75,450,HOLD
816.9170715808868,243.9,244.0,0.75,450,HOLD
817.0520718097687,243.9,244.0,0.75,450,HOLD
817.1891050338745,243.9,244.0,0.75,450,HOLD
817.3131067752838,243.9,244.0,0.75,450,HOLD
817.4441061019897,243.9,244.0,0.75,450,HOLD
817.5731148719788,243.9,244.0,0.75,450,HOLD
817.7210719585419,244.0,244.0,0.75,450,HOLD
817.8551075458527,244.0,244.0,0.75,450,HOLD
818.0041048526764,244.0,244.0,0.75,450,HOLD
818.1480753421783,244.1,244.0,0.75,450,HOLD
818.2920770645142,244.1,244.0,0.75,450,HOLD
818.4351046085358,244.1,244.0,0.75,450,HOLD
818.5790770053864,244.2,244.0,0.75,450,HOLD
818.7330722808838,244.2,244.0,0.75,450,HOLD
818.8661074638367,244.4,244.0,0.75,450,HOLD
819.0100734233856,244.4,244.0,0.75,450,HOLD
819.1471128463745,244.4,244.0,0.75,450,HOLD
819.3221065998077,244.5,244.0,0.75,450,HOLD
819.4561054706573,244.5,244.0,0.75,450,HOLD
819.6011044979095,244.5,244.0,0.75,450,HOLD
819.7291178703308,244.7,244.0,0.75,450,HOLD
819.8540716171265,244.7,244.0,0.75,450,HOLD
820.013076543808,244.7,244.0,0.75,450,HOLD
820.1450748443604,244.8,244.0,0.75,450,HOLD
820.2881042957306,244.8,244.0,0.75,450,HOLD
820.4380977153778,244.8,244.0,0.75,450,HOLD
820.5761060714722,245.0,244.0,0.75,450,HOLD
820.7290775775909,245.0,244.0,0.75,450,HOLD
820.8951046466827,245.1,244.0,0.75,450,HOLD
821.0341062545776,245.1,244.0,0.75,450,HOLD
821.1681039333344,245.1,244.0,0.75,450,HOLD
821.3110737800598,245.3,244.0,0.75,450,HOLD
821.4321074485779,245.3,244.0,0.75,450,HOLD
821.5681052207947,245.3,244.0,0.75,450,HOLD
821.7110736370087,245.5,244.0,0.75,450,HOLD
821.8541045188904,245.5,244.0,0.75,450,HOLD
822.0121078491211,245.5,244.0,0.75,450,HOLD
822.1960783004761,245.5,244.0,0.75,450,HOLD
822.338104724884,245.5,244.0,0.75,450,HOLD
822.4720764160156,245.7,244.0,0.75,450,HOLD
822.6051077842712,245.7,244.0,0.75,450,HOLD
822.7430753707886,245.7,244.0,0.75,450,HOLD
822.8710989952087,246.7,244.0,0.75,450,HOLD
823.004075050354,246.7,244.0,0.75,450,HOLD
823.1441028118134,246.7,244.0,0.75,450,HOLD
823.3230776786804,246.8,244.0,0.75,450,HOLD
823.4690721035004,246.8,244.0,0.75,450,HOLD
823.5960834026337,246.8,244.0,0.75,450,HOLD
823.7191088199615,247.0,244.0,0.75,450,HOLD
823.8481092453003,247.0,244.0,0.75,450,HOLD
823.9790840148926,247.0,244.0,0.75,450,HOLD
824.1071074008942,247.3,244.0,0.75,450,HOLD
824.2311046123505,247.3,244.0,0.75,450,HOLD
824.3610746860504,247.3,244.0,0.75,450,HOLD
824.5050730705261,247.4,244.0,0.75,450,HOLD
824.7141087055206,247.4,244.0,0.75,450,HOLD
824.8760735988617,247.4,244.0,0.75,450,HOLD
825.0191035270691,247.4,244.0,0.75,450,HOLD
825.1600759029388,247.4,244.0,0.75,450,HOLD
825.3060836791992,247.4,244.0,0.75,450,HOLD
825.4490721225739,247.4,244.0,0.75,450,HOLD
825.5721065998077,247.4,244.0,0.75,450,HOLD
825.702109336853,247.5,244.0,0.75,450,HOLD
825.843104839325,247.5,244.0,0.75,450,HOLD
826.0031042098999,247.5,244.0,0.75,450,HOLD
826.1850724220276,247.6,244.0,0.75,450,HOLD
826.3270733356476,247.6,244.0,0.75,450,HOLD
826.4721052646637,247.7,244.0,0.75,450,HOLD
826.6150755882263,247.7,244.0,0.75,450,HOLD
826.7441070079803,247.7,244.0,0.75,450,HOLD
826.8880722522736,247.7,244.0,0.75,450,HOLD
827.0311081409454,247.7,244.0,0.75,450,HOLD
827.169106721878,247.7,244.0,0.75,450,HOLD
827.3041059970856,247.8,244.0,0.75,450,HOLD
827.5111074447632,247.8,244.0,0.75,450,HOLD
827.7030720710754,247.9,244.0,0.75,450,HOLD
827.8240776062012,247.9,244.0,0.75,450,HOLD
827.9701037406921,247.9,244.0,0.75,450,HOLD
828.1181046962738,248.0,244.0,0.75,450,HOLD
828.257078409195,248.0,244.0,0.75,450,HOLD
828.4041097164154,248.0,244.0,0.75,450,HOLD
828.5440788269043,248.2,244.0,0.75,450,HOLD
828.7191064357758,248.2,244.0,0.75,450,HOLD
828.9161050319672,248.3,244.0,0.75,450,HOLD
829.058075428009,248.3,244.0,0.75,450,HOLD
829.1881060600281,248.3,244.0,0.75,450,HOLD
829.3301062583923,248.4,244.0,0.75,450,HOLD
829.4801073074341,248.4,244.0,0.75,450,HOLD
829.6190719604492,248.4,244.0,0.75,450,HOLD
829.7621126174927,248.5,244.0,0.75,450,HOLD
829.903094291687,248.5,244.0,0.75,450,HOLD
830.0290763378143,248.7,244.0,0.75,450,HOLD
830.2251062393188,248.7,244.0,0.75,450,HOLD
830.3641104698181,248.7,244.0,0.75,450,HOLD
830.4981048107147,248.8,244.0,0.75,450,HOLD
830.6411020755768,248.8,244.0,0.75,450,HOLD
830.7650740146637,248.8,244.0,0.75,450,HOLD
830.8970718383789,248.9,244.0,0.75,450,HOLD
831.0371043682098,248.9,244.0,0.75,450,HOLD
831.1691043376923,248.9,244.0,0.75,450,HOLD
831.3080756664276,249.0,244.0,0.75,450,HOLD
831.4540989398956,249.0,244.0,0.75,450,HOLD
831.6331470012665,249.0,244.0,0.75,450,HOLD
831.8241899013519,249.0,244.0,0.75,450,HOLD
831.9671895503998,249.0,244.0,0.75,450,HOLD
832.112197637558,249.2,244.0,0.75,450,HOLD
832.2541875839233,249.2,244.0,0.75,450,HOLD
832.4021883010864,249.2,244.0,0.75,450,HOLD
832.5421888828278,249.3,244.0,0.75,450,HOLD
832.6671876907349,249.3,244.0,0.75,450,HOLD
832.7991895675659,249.3,244.0,0.75,450,HOLD
832.9691879749298,249.4,244.0,0.75,450,HOLD
833.1661880016327,249.4,244.0,0.75,450,HOLD
833.2941596508026,249.5,244.0,0.75,450,HOLD
833.4371910095215,249.5,244.0,0.75,450,HOLD
833.5651605129242,249.5,244.0,0.75,450,HOLD
833.6951615810394,249.6,244.0,0.75,450,HOLD
833.8541877269745,249.6,244.0,0.75,450,HOLD
834.0021915435791,249.6,244.0,0.75,450,HOLD
834.1351873874664,249.7,244.0,0.75,450,HOLD
834.2831580638885,249.7,244.0,0.75,450,HOLD
834.4761888980865,249.7,244.0,0.75,450,HOLD
834.6001875400543,249.7,244.0,0.75,450,HOLD
834.7311906814575,249.7,244.0,0.75,450,HOLD
834.8751583099365,249.8,244.0,0.75,450,HOLD
835.0021555423737,249.8,244.0,0.75,450,HOLD
835.1481897830963,249.8,244.0,0.75,450,HOLD
835.2881875038147,249.9,244.0,0.75,450,HOLD
835.4161877632141,249.9,244.0,0.75,450,HOLD
835.5411922931671,249.9,244.0,0.75,450,HOLD
835.753187417984,250.0,244.0,0.75,450,HOLD
835.9101891517639,250.0,244.0,0.75,450,HOLD
836.04119181633,250.0,244.0,0.75,450,HOLD
836.1661882400513,250.1,244.0,0.75,450,HOLD
836.3221580982208,250.1,244.0,0.75,450,HOLD
836.4581582546234,250.1,244.0,0.75,450,HOLD
836.6011884212494,250.1,244.0,0.75,450,HOLD
836.7291946411133,250.1,244.0,0.75,450,HOLD
836.8521897792816,250.1,244.0,0.75,450,HOLD
836.9941608905792,250.2,244.0,0.75,450,HOLD
837.1731986999512,250.2,244.0,0.75,450,HOLD
837.3361873626709,250.3,244.0,0.75,450,HOLD
837.4791598320007,250.3,244.0,0.75,450,HOLD
837.6121592521667,250.3,244.0,0.75,450,HOLD
837.7511880397797,250.3,244.0,0.75,450,HOLD
837.8781933784485,250.3,244.0,0.75,450,HOLD
838.0011823177338,250.3,244.0,0.75,450,HOLD
838.1501562595367,250.4,244.0,0.75,450,HOLD
838.2791631221771,250.4,244.0,0.75,450,HOLD
838.4701890945435,250.4,244.0,0.75,450,HOLD
838.6621625423431,250.4,244.0,0.75,450,HOLD
838.8051941394806,250.4,244.0,0.75,450,HOLD
838.9361572265625,250.5,244.0,0.75,450,HOLD
839.0761950016022,250.5,244.0,0.75,450,HOLD
839.199191570282,250.5,244.0,0.75,450,HOLD
839.332189321518,250.6,244.0,0.75,450,HOLD
839.4611582756042,250.6,244.0,0.75,450,HOLD
839.6041903495789,250.6,244.0,0.75,450,HOLD
839.7642040252686,250.6,244.0,0.75,450,HOLD
839.9411911964417,250.6,244.0,0.75,450,HOLD
840.0841553211212,250.6,244.0,0.75,450,HOLD
840.2301898002625,250.6,244.0,0.75,450,HOLD
840.3701899051666,250.6,244.0,0.75,450,HOLD
840.514190196991,250.6,244.0,0.75,450,HOLD
840.643159866333,250.6,244.0,0.75,450,HOLD
840.7691929340363,250.6,244.0,0.75,450,HOLD
840.893159866333,250.6,244.0,0.75,450,HOLD
841.0711879730225,250.6,244.0,0.75,450,HOLD
841.2501969337463,250.6,244.0,0.75,450,HOLD
841.3921926021576,250.6,244.0,0.75,450,HOLD
841.5321943759918,250.6,244.0,0.75,450,HOLD
841.6631593704224,250.6,244.0,0.75,450,HOLD
841.809157371521,250.6,244.0,0.75,450,HOLD
841.9491901397705,250.6,244.0,0.75,450,HOLD
842.0791945457458,250.6,244.0,0.75,450,HOLD
842.2361881732941,250.6,244.0,0.75,450,HOLD
842.3641877174377,250.6,244.0,0.75,450,HOLD
842.5481913089752,250.6,244.0,0.75,450,HOLD
842.7041881084442,250.6,244.0,0.75,450,HOLD
842.8451592922211,250.6,244.0,0.75,450,HOLD
842.9921627044678,250.6,244.0,0.75,450,HOLD
843.1411898136139,250.6,244.0,0.75,450,HOLD
843.2791721820831,250.6,244.0,0.75,450,HOLD
843.4181876182556,250.6,244.0,0.75,450,HOLD
843.5663688182831,250.6,244.0,0.75,450,HOLD
843.7163693904877,250.6,244.0,0.75,450,HOLD
843.8963842391968,250.6,244.0,0.75,450,HOLD
844.0743725299835,250.6,244.0,0.75,450,HOLD
844.2053709030151,250.6,244.0,0.75,450,HOLD
844.3333687782288,250.6,244.0,0.75,450,HOLD
844.4613707065582,250.6,244.0,0.75,450,HOLD
844.6053719520569,250.6,244.0,0.75,450,HOLD
844.740373134613,250.6,244.0,0.75,450,HOLD
844.8764040470123,250.6,244.0,0.75,450,HOLD
845.0003695487976,250.6,244.0,0.75,450,HOLD
845.1963787078857,250.6,244.0,0.75,450,HOLD
845.3693690299988,250.6,244.0,0.75,450,HOLD
845.4993696212769,250.6,244.0,0.75,450,HOLD
845.6223726272583,250.6,244.0,0.75,450,HOLD
845.7453734874725,250.6,244.0,0.75,450,HOLD
845.8833692073822,250.6,244.0,0.75,450,HOLD
846.0323715209961,250.6,244.0,0.75,450,HOLD
846.1703691482544,250.6,244.0,0.75,450,HOLD
846.2983694076538,250.6,244.0,0.75,450,HOLD
846.4223718643188,250.6,244.0,0.75,450,HOLD
846.6093752384186,250.6,244.0,0.75,450,HOLD
846.7793717384338,250.6,244.0,0.75,450,HOLD
846.9213697910309,250.6,244.0,0.75,450,HOLD
847.0603754520416,250.6,244.0,0.75,450,HOLD
847.1933724880219,250.6,244.0,0.75,450,HOLD
847.3374030590057,250.6,244.0,0.75,450,HOLD
847.4774076938629,250.6,244.0,0.75,450,HOLD
847.6083719730377,250.6,244.0,0.75,450,HOLD
847.7373704910278,250.6,244.0,0.75,450,HOLD
847.9233756065369,250.6,244.0,0.75,450,HOLD
848.1043694019318,250.6,244.0,0.75,450,HOLD
848.2443702220917,250.6,244.0,0.75,450,HOLD
848.3923835754395,250.6,244.0,0.75,450,HOLD
848.535400390625,250.6,244.0,0.75,450,HOLD
848.6713695526123,250.6,244.0,0.75,450,HOLD
848.8073756694794,250.6,244.0,0.75,450,HOLD
848.9353692531586,250.6,244.0,0.75,450,HOLD
849.0713691711426,250.6,244.0,0.75,450,HOLD
849.2353692054749,250.6,244.0,0.75,450,HOLD
849.4134118556976,250.6,244.0,0.75,450,HOLD
849.5423719882965,250.6,244.0,0.75,450,HOLD
849.68536901474,250.6,244.0,0.75,450,HOLD
849.8133697509766,250.6,244.0,0.75,450,HOLD
849.9413709640503,250.6,244.0,0.75,450,HOLD
850.0913827419281,250.6,244.0,0.75,450,HOLD
850.2293770313263,250.6,244.0,0.75,450,HOLD
850.3673686981201,250.6,244.0,0.75,450,HOLD
850.5103702545166,250.5,244.0,0.75,450,HOLD
850.6743710041046,250.5,244.0,0.75,450,HOLD
850.8053731918335,250.5,244.0,0.75,450,HOLD
850.9323689937592,250.5,244.0,0.75,450,HOLD
851.0863687992096,250.5,244.0,0.75,450,HOLD
851.2184031009674,250.5,244.0,0.75,450,HOLD
851.3623824119568,250.5,244.0,0.75,450,HOLD
851.4913718700409,250.5,244.0,0.75,450,HOLD
851.6353688240051,250.5,244.0,0.75,450,HOLD
851.7803690433502,250.5,244.0,0.75,450,HOLD
851.9543688297272,250.5,244.0,0.75,450,HOLD
852.0973725318909,250.4,244.0,0.75,450,HOLD
852.2413733005524,250.4,244.0,0.75,450,HOLD
852.3703689575195,250.4,244.0,0.75,450,HOLD
852.5113718509674,250.4,244.0,0.75,450,HOLD
852.6574099063873,250.4,244.0,0.75,450,HOLD
852.7843687534332,250.4,244.0,0.75,450,HOLD
852.9053719043732,250.4,244.0,0.75,450,HOLD
853.1043698787689,250.4,244.0,0.75,450,HOLD
853.2813687324524,250.4,244.0,0.75,450,HOLD
853.4083714485168,250.4,244.0,0.75,450,HOLD
853.5363688468933,250.4,244.0,0.75,450,HOLD
853.6633777618408,250.4,244.0,0.75,450,HOLD
853.8083717823029,250.4,244.0,0.75,450,HOLD
853.9523689746857,250.4,244.0,0.75,450,HOLD
854.0954031944275,250.4,244.0,0.75,450,HOLD
854.2193703651428,250.4,244.0,0.75,450,HOLD
854.3983731269836,250.4,244.0,0.75,450,HOLD
854.57537150383,250.3,244.0,0.75,450,HOLD
854.7094049453735,250.3,244.0,0.75,450,HOLD
854.8423755168915,250.3,244.0,0.75,450,HOLD
854.9733746051788,250.3,244.0,0.75,450,HOLD
855.1193687915802,250.3,244.0,0.75,450,HOLD
855.2603716850281,250.3,244.0,0.75,450,HOLD
855.4053738117218,250.3,244.0,0.75,450,HOLD
855.529375076294,250.3,244.0,0.75,450,HOLD
855.7123730182648,250.3,244.0,0.75,450,HOLD
855.8863968849182,250.3,244.0,0.75,450,HOLD
856.0383696556091,250.3,244.0,0.75,450,HOLD
856.1884043216705,250.3,244.0,0.75,450,HOLD
856.3123822212219,250.3,244.0,0.75,450,HOLD
856.4444055557251,250.3,244.0,0.75,450,HOLD
856.588369846344,250.3,244.0,0.75,450,HOLD
856.7323706150055,250.3,244.0,0.75,450,HOLD
856.870368719101,250.2,244.0,0.75,450,HOLD
857.0173697471619,250.2,244.0,0.75,450,HOLD
857.1903860569,250.2,244.0,0.75,450,HOLD
857.3373692035675,250.2,244.0,0.75,450,HOLD
857.4803700447083,250.2,244.0,0.75,450,HOLD
857.6263709068298,250.2,244.0,0.75,450,HOLD
857.7883701324463,250.2,244.0,0.75,450,HOLD
857.9463710784912,250.2,244.0,0.75,450,HOLD
858.0893709659576,250.1,244.0,0.75,450,HOLD
858.2333691120148,250.1,244.0,0.75,450,HOLD
858.3723735809326,250.1,244.0,0.75,450,HOLD
858.5403733253479,250.1,244.0,0.75,450,HOLD
858.6813695430756,250.1,244.0,0.75,450,HOLD
858.811371088028,250.1,244.0,0.75,450,HOLD
858.9533696174622,250.0,244.0,0.75,450,HOLD
859.0794048309326,250.0,244.0,0.75,450,HOLD
859.2193689346313,250.0,244.0,0.75,450,HOLD
859.353369474411,250.0,244.0,0.75,450,HOLD
859.4953734874725,250.0,244.0,0.75,450,HOLD
859.6543695926666,250.0,244.0,0.75,450,HOLD
859.845410823822,250.0,244.0,0.75,450,HOLD
860.0223724842072,250.0,244.0,0.75,450,HOLD
860.1663691997528,249.9,244.0,0.75,450,HOLD
860.3053708076477,249.9,244.0,0.75,450,HOLD
860.4384045600891,249.9,244.0,0.75,450,HOLD
860.5664024353027,249.9,244.0,0.75,450,HOLD
860.6953704357147,249.9,244.0,0.75,450,HOLD
860.83740234375,249.9,244.0,0.75,450,HOLD
860.9573829174042,249.8,244.0,0.75,450,HOLD
861.1354024410248,249.8,244.0,0.75,450,HOLD
861.3144054412842,249.7,244.0,0.75,450,HOLD
861.4453797340393,249.7,244.0,0.75,450,HOLD
861.5713696479797,249.7,244.0,0.75,450,HOLD
861.7143688201904,249.6,244.0,0.75,450,HOLD
861.8363690376282,249.6,244.0,0.75,450,HOLD
861.98837018013,249.6,244.0,0.75,450,HOLD
862.1384122371674,249.6,244.0,0.75,450,HOLD
862.2753710746765,249.6,244.0,0.75,450,HOLD
862.4503688812256,249.5,244.0,0.75,450,HOLD
862.6223704814911,249.5,244.0,0.75,450,HOLD
862.770369052887,249.5,244.0,0.75,450,HOLD
862.9143688678741,249.5,244.0,0.75,450,HOLD
863.0423724651337,249.5,244.0,0.75,450,HOLD
863.1654114723206,249.5,244.0,0.75,450,HOLD
863.2933704853058,249.4,244.0,0.75,450,HOLD
863.4363687038422,249.4,244.0,0.75,450,HOLD
863.5743720531464,249.4,244.0,0.75,450,HOLD
863.7083704471588,249.3,244.0,0.75,450,HOLD
863.8893783092499,249.3,244.0,0.75,450,HOLD
864.0303964614868,249.3,244.0,0.75,450,HOLD
864.1603705883026,249.2,244.0,0.75,450,HOLD
864.2884073257446,249.2,244.0,0.75,450,HOLD
864.4163718223572,249.2,244.0,0.75,450,HOLD
864.5394084453583,249.2,244.0,0.75,450,HOLD
864.6723713874817,249.2,244.0,0.75,450,HOLD
864.8153696060181,249.2,244.0,0.75,450,HOLD
864.9503710269928,249.1,244.0,0.75,450,HOLD
865.099369764328,249.1,244.0,0.75,450,HOLD
865.2623908519745,249.1,244.0,0.75,450,HOLD
865.4033706188202,249.1,244.0,0.75,450,HOLD
865.5363688468933,249.1,244.0,0.75,450,HOLD
865.6783761978149,248.9,244.0,0.75,450,HOLD
865.8063790798187,248.9,244.0,0.75,450,HOLD
865.9483697414398,248.9,244.0,0.75,450,HOLD
866.0783710479736,248.8,244.0,0.75,450,HOLD
866.2183690071106,248.8,244.0,0.75,450,HOLD
866.4133710861206,248.8,244.0,0.75,450,HOLD
866.589371919632,248.7,244.0,0.75,450,HOLD
866.7123777866364,248.7,244.0,0.75,450,HOLD
866.8543694019318,248.7,244.0,0.75,450,HOLD
866.9883699417114,248.6,244.0,0.75,450,HOLD
867.1164009571075,248.6,244.0,0.75,450,HOLD
867.2473690509796,248.6,244.0,0.75,450,HOLD
867.3853695392609,248.5,244.0,0.75,450,HOLD
867.5163691043854,248.5,244.0,0.75,450,HOLD
867.6563723087311,248.4,244.0,0.75,450,COOL
867.8143699169159,248.4,244.0,0.75,450,COOL
867.9483697414398,248.4,244.0,0.75,450,COOL
868.0913734436035,248.3,244.0,0.75,450,COOL
868.2134027481079,248.3,244.0,0.75,450,COOL
868.3463718891144,248.3,244.0,0.75,450,COOL
868.4743719100952,243.4,244.0,0.75,450,COOL
868.6183705329895,243.4,244.0,0.75,450,COOL
868.7433705329895,243.4,244.0,0.75,450,COOL
868.9053750038147,236.3,244.0,0.75,450,COOL
869.0553712844849,236.3,244.0,0.75,450,COOL
869.1933708190918,236.3,244.0,0.75,450,COOL
869.3653743267059,229.4,244.0,0.75,450,COOL
869.5123944282532,229.4,244.0,0.75,450,COOL
869.6693694591522,222.5,244.0,0.75,450,COOL
869.8173696994781,222.5,244.0,0.75,450,COOL
869.9913730621338,222.5,244.0,0.75,450,COOL
870.1353688240051,222.5,244.0,0.75,450,COOL
870.2953722476959,222.5,244.0,0.75,450,COOL
870.4393708705902,222.5,244.0,0.75,450,COOL
870.5993692874908,210.1,244.0,0.75,450,COOL
870.7283732891083,210.1,244.0,0.75,450,COOL
870.8723714351654,204.3,244.0,0.75,450,COOL
871.0143740177155,204.3,244.0,0.75,450,COOL
871.1693689823151,204.3,244.0,0.75,450,COOL
871.303368806839,198.6,244.0,0.75,450,COOL
871.4453754425049,198.6,244.0,0.75,450,COOL
871.6223719120026,198.6,244.0,0.75,450,COOL
871.7683689594269,193.2,244.0,0.75,450,COOL
871.909371137619,193.2,244.0,0.75,450,COOL
872.0533702373505,193.2,244.0,0.75,450,COOL
872.1773726940155,188.3,244.0,0.75,450,COOL
872.3403735160828,188.3,244.0,0.75,450,COOL
872.479371547699,183.7,244.0,0.75,450,COOL
872.6103715896606,183.7,244.0,0.75,450,COOL
872.7953925132751,183.7,244.0,0.75,450,COOL
872.9413707256317,179.3,244.0,0.75,450,COOL
873.0974037647247,179.3,244.0,0.75,450,COOL
873.2413716316223,175.0,244.0,0.75,450,COOL
873.4283711910248,175.0,244.0,0.75,450,COOL
873.5603709220886,175.0,244.0,0.75,450,COOL
873.740375995636,171.1,244.0,0.75,450,COOL
873.8813714981079,171.1,244.0,0.75,450,COOL
874.0673718452454,167.2,244.0,0.75,450,COOL
874.2213687896729,167.2,244.0,0.75,450,COOL
874.3974044322968,167.2,244.0,0.75,450,COOL
874.5253703594208,163.7,244.0,0.75,450,COOL
874.6813702583313,163.7,244.0,0.75,450,COOL
874.8173689842224,163.7,244.0,0.75,450,COOL
874.9463703632355,163.7,244.0,0.75,450,COOL
875.079371213913,163.7,244.0,0.75,450,COOL
875.2153713703156,163.7,244.0,0.75,450,COOL
875.3593723773956,157.2,244.0,0.75,450,COOL
875.5053720474243,157.2,244.0,0.75,450,COOL
875.646372795105,154.3,244.0,0.75,450,COOL
875.8073716163635,154.3,244.0,0.75,450,COOL
875.9413719177246,154.3,244.0,0.75,450,COOL
876.1423709392548,151.5,244.0,0.75,450,COOL
876.2703697681427,151.5,244.0,0.75,450,COOL
876.4143698215485,151.5,244.0,0.75,450,COOL
876.5423715114594,149.0,244.0,0.75,450,COOL
876.6983692646027,149.0,244.0,0.75,450,COOL
876.8313708305359,149.0,244.0,0.75,450,COOL
876.979376077652,146.2,244.0,0.75,450,COOL
877.1493728160858,146.2,244.0,0.75,450,COOL
877.300369977951,143.6,244.0,0.75,450,COOL
877.4543688297272,143.6,244.0,0.75,450,COOL
877.5893723964691,143.6,244.0,0.75,450,COOL
877.7243711948395,141.3,244.0,0.75,450,COOL
877.8693690299988,141.3,244.0,0.75,450,COOL
878.012372970581,141.3,244.0,0.75,450,COOL
878.1723718643188,139.0,244.0,0.75,450,COOL
878.3153731822968,139.0,244.0,0.75,450,COOL
878.4593729972839,136.8,244.0,0.75,450,COOL
878.6363689899445,136.8,244.0,0.75,450,COOL
878.7743713855743,136.8,244.0,0.75,450,COOL
878.9703688621521,134.7,244.0,0.75,450,COOL
879.1123769283295,134.7,244.0,0.75,450,COOL
879.2904090881348,132.5,244.0,0.75,450,COOL
879.415369272232,132.5,244.0,0.75,450,COOL
879.5623722076416,132.5,244.0,0.75,450,COOL
879.729376077652,132.5,244.0,0.75,450,COOL
879.8803732395172,132.5,244.0,0.75,450,COOL
880.0013692378998,132.5,244.0,0.75,450,COOL
880.1324005126953,128.9,244.0,0.75,450,COOL
880.3083703517914,128.9,244.0,0.75,450,COOL
880.4573755264282,128.9,244.0,0.75,450,COOL
880.5853703022003,127.0,244.0,0.75,450,COOL
880.7293727397919,127.0,244.0,0.75,450,COOL
880.8713698387146,125.3,244.0,0.75,450,COOL
881.0324025154114,125.3,244.0,0.75,450,COOL
881.175369977951,125.3,244.0,0.75,450,COOL
881.3183701038361,123.5,244.0,0.75,450,COOL
881.4523692131042,123.5,244.0,0.75,450,COOL
881.5893709659576,123.5,244.0,0.75,450,COOL
881.7353689670563,121.8,244.0,0.75,450,COOL
881.8813700675964,121.8,244.0,0.75,450,COOL
882.0183687210083,121.8,244.0,0.75,450,COOL
882.1663691997528,120.2,244.0,0.75,450,COOL
882.3073718547821,120.2,244.0,0.75,450,COOL
882.4653697013855,120.2,244.0,0.75,450,COOL
882.5963714122772,118.8,244.0,0.75,450,COOL
882.7393715381622,118.8,244.0,0.75,450,COOL
882.89737200737,117.4,244.0,0.75,450,COOL
883.0453765392303,117.4,244.0,0.75,450,COOL
883.2213864326477,117.4,244.0,0.75,450,COOL
883.3453719615936,116.0,244.0,0.75,450,COOL
883.5173690319061,116.0,244.0,0.75,450,COOL
883.652369260788,114.7,244.0,0.75,450,COOL
883.8183691501617,114.7,244.0,0.75,450,COOL
883.955370426178,114.7,244.0,0.75,450,COOL
884.0993695259094,113.4,244.0,0.75,450,COOL
884.2383699417114,113.4,244.0,0.75,450,COOL
884.3873691558838,113.4,244.0,0.75,450,COOL
884.5253708362579,113.4,244.0,0.75,450,COOL
884.6553707122803,113.4,244.0,0.75,450,COOL
884.8303725719452,113.4,244.0,0.75,450,COOL
884.962370634079,111.1,244.0,0.75,450,COOL
885.1063725948334,111.1,244.0,0.75,450,COOL
885.224381685257,111.1,244.0,0.75,450,COOL
885.3593711853027,109.9,244.0,0.75,450,COOL
885.5363709926605,109.9,244.0,0.75,450,COOL
885.661370754242,108.9,244.0,0.75,450,COOL
885.8063735961914,108.9,244.0,0.75,450,COOL
885.9333686828613,108.9,244.0,0.75,450,COOL
886.0803692340851,107.7,244.0,0.75,450,COOL
886.229382276535,107.7,244.0,0.75,450,COOL
886.3693687915802,107.7,244.0,0.75,450,COOL
886.5453734397888,106.7,244.0,0.75,450,COOL
886.6843905448914,106.7,244.0,0.75,450,COOL
886.8623924255371,106.7,244.0,0.75,450,COOL
886.991373538971,105.7,244.0,0.75,450,COOL
887.152369260788,105.7,244.0,0.75,450,COOL
887.2793717384338,104.7,244.0,0.75,450,COOL
887.4223721027374,104.7,244.0,0.75,450,COOL
887.5653698444366,104.7,244.0,0.75,450,COOL
887.7013688087463,103.7,244.0,0.75,450,COOL
887.8873689174652,103.7,244.0,0.75,450,COOL
888.0253708362579,102.8,244.0,0.75,450,COOL
888.2313716411591,102.8,244.0,0.75,450,COOL
888.3603715896606,102.8,244.0,0.75,450,COOL
888.5093712806702,101.9,244.0,0.75,450,COOL
888.6423709392548,101.9,244.0,0.75,450,COOL
888.7763719558716,101.9,244.0,0.75,450,COOL
888.9393723011017,101.1,244.0,0.75,450,COOL
889.0833692550659,101.1,244.0,0.75,450,COOL
889.2603735923767,101.1,244.0,0.75,450,COOL
889.3823699951172,101.1,244.0,0.75,450,COOL
889.5313775539398,101.1,244.0,0.75,450,COOL
889.6713690757751,99.4,244.0,0.75,450,COOL
889.8203690052032,99.4,244.0,0.75,450,COOL
889.9573731422424,99.4,244.0,0.75,450,COOL
890.0963709354401,98.5,244.0,0.75,450,COOL
890.2663688659668,98.5,244.0,0.75,450,COOL
890.3893713951111,98.5,244.0,0.75,450,COOL
890.5604038238525,97.7,244.0,0.75,450,COOL
890.7133719921112,97.7,244.0,0.75,450,COOL
890.8493690490723,97.7,244.0,0.75,450,COOL
890.9874031543732,97.0,244.0,0.75,450,COOL
891.1243708133698,97.0,244.0,0.75,450,COOL
891.2893712520599,96.3,244.0,0.75,450,COOL
891.4273884296417,96.3,244.0,0.75,450,COOL
891.5753705501556,96.3,244.0,0.75,450,COOL
891.705370426178,96.2,244.0,0.75,450,COOL
891.8283717632294,96.2,244.0,0.75,450,COOL
892.0293734073639,96.2,244.0,0.75,450,COOL
892.1673686504364,94.9,244.0,0.75,450,COOL
892.3613736629486,94.9,244.0,0.75,450,COOL
892.5033690929413,94.3,244.0,0.75,450,COOL
892.6473689079285,94.3,244.0,0.75,450,COOL
892.7863702774048,94.3,244.0,0.75,450,COOL
892.9293713569641,93.6,244.0,0.75,450,COOL
893.094381570816,93.6,244.0,0.75,450,COOL
893.2383694648743,93.6,244.0,0.75,450,COOL
893.3823699951172,92.9,244.0,0.75,450,COOL
893.5093719959259,92.9,244.0,0.75,450,COOL
893.6543710231781,92.9,244.0,0.75,450,COOL
893.7823696136475,92.3,244.0,0.75,450,COOL
893.9193687438965,92.3,244.0,0.75,450,COOL
894.0633704662323,92.3,244.0,0.75,450,COOL
894.1923720836639,92.3,244.0,0.75,450,COOL
894.3233790397644,92.3,244.0,0.75,450,COOL
894.4843685626984,91.1,244.0,0.75,450,COOL
894.6283872127533,91.1,244.0,0.75,450,COOL
894.7883694171906,91.1,244.0,0.75,450,COOL
894.9113743305206,90.5,244.0,0.75,450,COOL
895.0913708209991,90.5,244.0,0.75,450,COOL
895.236368894577,90.5,244.0,0.75,450,COOL
895.3743727207184,89.9,244.0,0.75,450,COOL
895.5233726501465,89.9,244.0,0.75,450,COOL
895.6634321212769,89.3,244.0,0.75,450,COOL
895.8383708000183,89.3,244.0,0.75,450,COOL
895.9753711223602,89.3,244.0,0.75,450,COOL
896.1113712787628,88.7,244.0,0.75,450,COOL
896.2423710823059,88.7,244.0,0.75,450,COOL
896.384369134903,88.7,244.0,0.75,450,COOL
896.5123732089996,88.6,244.0,0.75,450,COOL
896.6504032611847,88.6,244.0,0.75,450,COOL
896.8183696269989,88.6,244.0,0.75,450,COOL
896.9453840255737,88.4,244.0,0.75,450,COOL
897.0893743038177,88.4,244.0,0.75,450,COOL
897.2323687076569,88.4,244.0,0.75,450,COOL
897.3763709068298,87.2,244.0,0.75,450,COOL
897.5363686084747,87.2,244.0,0.75,450,COOL
897.6633727550507,86.7,244.0,0.75,450,COOL
897.8394112586975,86.7,244.0,0.75,450,COOL
897.9793710708618,86.7,244.0,0.75,450,COOL
898.1143689155579,86.2,244.0,0.75,450,COOL
898.2564172744751,86.2,244.0,0.75,450,COOL
898.3993718624115,86.2,244.0,0.75,450,COOL
898.5743725299835,85.8,244.0,0.75,450,COOL
898.718368768692,85.8,244.0,0.75,450,COOL
898.8893733024597,85.8,244.0,0.75,450,COOL
899.0373709201813,85.8,244.0,0.75,450,COOL
899.1953721046448,85.8,244.0,0.75,450,COOL
899.3403725624084,84.8,244.0,0.75,450,COOL
899.5193705558777,84.8,244.0,0.75,450,COOL
899.6733856201172,84.3,244.0,0.75,450,COOL
899.8523688316345,84.3,244.0,0.75,450,COOL
899.9943747520447,84.3,244.0,0.75,450,COOL
900.1344077587128,83.9,244.0,0.75,450,COOL
900.2693691253662,83.9,244.0,0.75,450,COOL
900.4123756885529,83.9,244.0,0.75,450,COOL
900.5393748283386,83.4,244.0,0.75,450,COOL
900.6893751621246,83.4,244.0,0.75,450,COOL
900.8753702640533,83.0,244.0,0.75,450,COOL
901.016369342804,83.0,244.0,0.75,450,COOL
901.1924049854279,83.0,244.0,0.75,450,COOL
901.3223719596863,82.9,244.0,0.75,450,COOL
901.4663689136505,82.9,244.0,0.75,450,COOL
901.6083714962006,82.9,244.0,0.75,450,COOL
901.7553720474243,82.7,244.0,0.75,450,COOL
901.9023694992065,82.7,244.0,0.75,450,COOL
902.0413725376129,82.7,244.0,0.75,450,COOL
902.1803715229034,81.7,244.0,0.75,450,COOL
902.3243706226349,81.7,244.0,0.75,450,COOL
902.4733736515045,81.3,244.0,0.75,450,COOL
902.6143703460693,81.3,244.0,0.75,450,COOL
902.7353694438934,81.3,244.0,0.75,450,COOL
902.9053707122803,80.9,244.0,0.75,450,COOL
903.043370962143,80.9,244.0,0.75,450,COOL
903.1923727989197,80.9,244.0,0.75,450,COOL
903.328370809555,80.5,244.0,0.75,450,COOL
903.4774050712585,80.5,244.0,0.75,450,COOL
903.6053709983826,80.5,244.0,0.75,450,COOL
903.7303738594055,80.5,244.0,0.75,450,COOL
903.8953719139099,80.5,244.0,0.75,450,COOL
904.037369966507,80.5,244.0,0.75,450,COOL
904.1823694705963,79.8,244.0,0.75,450,COOL
904.317369222641,79.8,244.0,0.75,450,COOL
904.4553756713867,79.8,244.0,0.75,450,COOL
904.6038360595703,79.7,244.0,0.75,450,COOL
904.7418048381805,79.7,244.0,0.75,450,COOL
904.8698341846466,79.6,244.0,0.75,450,COOL
905.013834476471,79.6,244.0,0.75,450,COOL
905.1418035030365,79.6,244.0,0.75,450,COOL
905.3018021583557,79.4,244.0,0.75,450,COOL
905.4448363780975,79.4,244.0,0.75,450,COOL
905.5718035697937,79.4,244.0,0.75,450,COOL
905.7288086414337,79.2,244.0,0.75,450,COOL
905.8738386631012,79.2,244.0,0.75,450,COOL
906.052802324295,79.2,244.0,0.75,450,COOL
906.1948063373566,78.1,244.0,0.75,450,COOL
906.3518347740173,78.1,244.0,0.75,450,COOL
906.4988029003143,77.7,244.0,0.75,450,COOL
906.6578047275543,77.7,244.0,0.75,450,COOL
906.8018352985382,77.7,244.0,0.75,450,COOL
906.9348342418671,77.4,244.0,0.75,450,COOL
907.0738399028778,77.4,244.0,0.75,450,COOL
907.2018024921417,77.4,244.0,0.75,450,COOL
907.3628051280975,77.1,244.0,0.75,450,COOL
907.4898562431335,77.1,244.0,0.75,450,COOL
907.6108057498932,77.1,244.0,0.75,450,COOL
907.7618055343628,76.8,244.0,0.75,450,COOL
907.8898410797119,76.8,244.0,0.75,450,COOL
908.0488042831421,76.8,244.0,0.75,450,COOL
908.176805973053,76.7,244.0,0.75,450,COOL
908.3018345832825,76.7,244.0,0.75,450,COOL
908.4758036136627,76.7,244.0,0.75,450,COOL
908.6188287734985,76.7,244.0,0.75,450,COOL
908.8168022632599,76.7,244.0,0.75,450,COOL
908.9388365745544,76.5,244.0,0.75,450,COOL
909.1188368797302,76.5,244.0,0.75,450,COOL
909.2638022899628,76.5,244.0,0.75,450,COOL
909.3898103237152,75.5,244.0,0.75,450,COOL
909.535802602768,75.5,244.0,0.75,450,COOL
909.6738061904907,75.2,244.0,0.75,450,COOL
909.8228092193604,75.2,244.0,0.75,450,COOL
909.9648344516754,75.2,244.0,0.75,450,COOL
910.0938053131104,74.9,244.0,0.75,450,COOL
910.2358343601227,74.9,244.0,0.75,450,COOL
910.3598074913025,74.9,244.0,0.75,450,COOL
910.5098314285278,74.6,244.0,0.75,450,COOL
910.660835981369,74.6,244.0,0.75,450,COOL
910.8108398914337,74.6,244.0,0.75,450,COOL
910.9368352890015,74.4,244.0,0.75,450,COOL
911.0668022632599,74.4,244.0,0.75,450,COOL
911.2258069515228,74.4,244.0,0.75,450,COOL
911.3728382587433,74.3,244.0,0.75,450,COOL
911.5158023834229,74.3,244.0,0.75,450,COOL
911.6558377742767,74.3,244.0,0.75,450,COOL
911.7868344783783,74.3,244.0,0.75,450,COOL
911.9328346252441,74.3,244.0,0.75,450,COOL
912.0908312797546,74.1,244.0,0.75,450,COOL
912.245836019516,74.1,244.0,0.75,450,COOL
912.3788411617279,74.1,244.0,0.75,450,COOL
912.5398433208466,74.0,244.0,0.75,450,COOL
912.6828348636627,74.0,244.0,0.75,450,COOL
912.8258357048035,74.0,244.0,0.75,450,COOL
912.954802274704,73.8,244.0,0.75,450,COOL
913.0758364200592,73.8,244.0,0.75,450,COOL
913.2398355007172,73.8,244.0,0.75,450,COOL
913.3848383426666,73.8,244.0,0.75,450,COOL
913.5248041152954,73.8,244.0,0.75,450,COOL
913.6728415489197,72.7,244.0,0.75,450,COOL
913.8168032169342,72.7,244.0,0.75,450,COOL
914.0248363018036,72.7,244.0,0.75,450,COOL
914.142835855484,72.3,244.0,0.75,450,COOL
914.3108434677124,72.3,244.0,0.75,450,COOL
914.4558053016663,72.3,244.0,0.75,450,COOL
914.5898473262787,72.1,244.0,0.75,450,COOL
914.7258055210114,72.1,244.0,0.75,450,COOL
914.8708362579346,71.8,244.0,0.75,450,COOL
915.0458393096924,71.8,244.0,0.75,450,COOL
915.1698043346405,71.8,244.0,0.75,450,COOL
915.3028054237366,71.6,244.0,0.75,450,COOL
915.4458386898041,71.6,244.0,0.75,450,COOL
915.5698359012604,71.6,244.0,0.75,450,COOL
915.7718060016632,71.5,244.0,0.75,450,COOL
915.9108049869537,71.5,244.0,0.75,450,COOL
916.0278058052063,71.5,244.0,0.75,450,COOL
916.1808342933655,71.4,244.0,0.75,450,COOL
916.3078346252441,71.4,244.0,0.75,450,COOL
916.4658024311066,71.4,244.0,0.75,450,COOL
916.594804763794,71.3,244.0,0.75,450,COOL
916.7188022136688,71.3,244.0,0.75,450,COOL
916.8858065605164,71.1,244.0,0.75,450,COOL
917.0248064994812,71.1,244.0,0.75,450,COOL
917.2368042469025,71.1,244.0,0.75,450,COOL
917.3608076572418,70.9,244.0,0.75,450,COOL
917.5388503074646,70.9,244.0,0.75,450,COOL
917.6778042316437,70.8,244.0,0.75,450,COOL
917.8278050422668,70.8,244.0,0.75,450,COOL
917.9718351364136,70.8,244.0,0.75,450,COOL
918.1288361549377,70.8,244.0,0.75,450,COOL
918.2778062820435,70.8,244.0,0.75,450,COOL
918.4118363857269,70.8,244.0,0.75,450,COOL
918.5888063907623,69.7,244.0,0.75,450,COOL
918.7268352508545,69.7,244.0,0.75,450,COOL
918.9118068218231,69.4,244.0,0.75,450,COOL
919.0368342399597,69.4,244.0,0.75,450,COOL
919.2018342018127,69.4,244.0,0.75,450,COOL
919.3428354263306,69.3,244.0,0.75,450,COOL
919.4708404541016,69.3,244.0,0.75,450,COOL
919.6148369312286,69.3,244.0,0.75,450,COOL
919.7548344135284,69.1,244.0,0.75,450,COOL
919.9068057537079,69.1,244.0,0.75,450,COOL
920.0478026866913,69.1,244.0,0.75,450,COOL
920.1858236789703,68.9,244.0,0.75,450,COOL
920.3678343296051,68.9,244.0,0.75,450,COOL
920.5228064060211,68.9,244.0,0.75,450,COOL
920.7348036766052,68.9,244.0,0.75,450,COOL
920.8788096904755,68.8,244.0,0.75,450,COOL
921.0548350811005,68.8,244.0,0.75,450,COOL
921.1808025836945,68.8,244.0,0.75,450,COOL
921.3418412208557,68.7,244.0,0.75,450,COOL
921.4818050861359,68.7,244.0,0.75,450,COOL
921.6138350963593,68.7,244.0,0.75,450,COOL
921.7888374328613,68.5,244.0,0.75,450,COOL
921.926805973053,68.5,244.0,0.75,450,COOL
922.1038343906403,68.4,244.0,0.75,450,COOL
922.2498381137848,68.4,244.0,0.75,450,COOL
922.4078392982483,68.4,244.0,0.75,450,COOL
922.534833908081,68.3,244.0,0.75,450,COOL
922.6938376426697,68.3,244.0,0.75,450,COOL
922.8288395404816,68.3,244.0,0.75,450,COOL
922.9708385467529,68.3,244.0,0.75,450,COOL
923.1378054618835,68.3,244.0,0.75,450,COOL
923.2698369026184,68.1,244.0,0.75,450,COOL
923.4518022537231,68.1,244.0,0.75,450,COOL
923.600802898407,68.1,244.0,0.75,450,COOL
923.7348070144653,67.9,244.0,0.75,450,COOL
923.8828387260437,67.9,244.0,0.75,450,COOL
924.0118057727814,67.9,244.0,0.75,450,COOL
924.2018055915833,67.7,244.0,0.75,450,COOL
924.3328032493591,67.7,244.0,0.75,450,COOL
924.5258374214172,67.5,244.0,0.75,450,COOL
924.6598391532898,67.5,244.0,0.75,450,COOL
924.8408064842224,67.5,244.0,0.75,450,COOL
924.9828350543976,67.3,244.0,0.75,450,COOL
925.159805059433,67.3,244.0,0.75,450,COOL
925.308842420578,67.1,244.0,0.75,450,COOL
925.4948270320892,67.1,244.0,0.75,450,COOL
925.6248259544373,67.1,244.0,0.75,450,COOL
925.7628085613251,66.9,244.0,0.75,450,COOL
925.8938064575195,66.9,244.0,0.75,450,COOL
926.0398399829865,66.9,244.0,0.75,450,COOL
926.1818070411682,66.7,244.0,0.75,450,COOL
926.3238377571106,66.7,244.0,0.75,450,COOL
926.4848351478577,66.5,244.0,0.75,450,COOL
926.6288108825684,66.5,244.0,0.75,450,COOL
926.7748367786407,66.5,244.0,0.75,450,COOL
926.9028341770172,66.3,244.0,0.75,450,COOL
927.0408375263214,66.3,244.0,0.75,450,COOL
927.1898481845856,66.3,244.0,0.75,450,COOL
927.3338048458099,66.2,244.0,0.75,450,COOL
927.4758353233337,66.2,244.0,0.75,450,COOL
927.6188378334045,66.2,244.0,0.75,450,COOL
927.7478022575378,66.2,244.0,0.75,450,COOL
927.8928053379059,66.2,244.0,0.75,450,COOL
928.021803855896,66.2,244.0,0.75,450,COOL
928.1628079414368,65.1,244.0,0.75,450,COOL
928.2908365726471,65.1,244.0,0.75,450,COOL
928.4308350086212,65.1,244.0,0.75,450,COOL
928.5788481235504,65.0,244.0,0.75,450,COOL
928.7068345546722,65.0,244.0,0.75,450,COOL
928.8298041820526,65.0,244.0,0.75,450,COOL
928.9958050251007,64.8,244.0,0.75,450,COOL
929.136834859848,64.8,244.0,0.75,450,COOL
929.2978346347809,64.7,244.0,0.75,450,COOL
929.4388091564178,64.7,244.0,0.75,450,COOL
929.5858380794525,64.7,244.0,0.75,450,COOL
929.7288053035736,64.5,244.0,0.75,450,COOL
929.8678357601166,64.5,244.0,0.75,450,COOL
930.035802602768,64.5,244.0,0.75,450,COOL
930.1758058071136,64.4,244.0,0.75,450,COOL
930.352835893631,64.4,244.0,0.75,450,COOL
930.4948306083679,64.4,244.0,0.75,450,COOL
930.6378357410431,64.4,244.0,0.75,450,COOL
930.783834695816,64.4,244.0,0.75,450,COOL
930.9368314743042,64.3,244.0,0.75,450,COOL
931.0688359737396,64.3,244.0,0.75,450,COOL
931.1958072185516,64.3,244.0,0.75,450,COOL
931.358803987503,64.1,244.0,0.75,450,COOL
931.4868352413177,64.1,244.0,0.75,450,COOL
931.631805896759,64.1,244.0,0.75,450,COOL
931.77383685112,64.0,244.0,0.75,450,COOL
931.9288082122803,64.0,244.0,0.75,450,COOL
932.0628118515015,64.0,244.0,0.75,450,COOL
932.1898453235626,63.9,244.0,0.75,450,COOL
932.332834482193,63.9,244.0,0.75,450,COOL
932.4978098869324,63.9,244.0,0.75,450,COOL
932.6318061351776,63.9,244.0,0.75,450,COOL
932.7638347148895,63.9,244.0,0.75,450,COOL
932.8878078460693,63.8,244.0,0.75,450,COOL
933.0158026218414,63.8,244.0,0.75,450,COOL
933.1808433532715,63.8,244.0,0.75,450,COOL
933.3188376426697,63.6,244.0,0.75,450,COOL
933.4558365345001,63.6,244.0,0.75,450,COOL
933.5968413352966,63.6,244.0,0.75,450,COOL
933.7268397808075,63.4,244.0,0.75,450,COOL
933.8678023815155,63.4,244.0,0.75,450,COOL
933.9918067455292,63.4,244.0,0.75,450,COOL
934.1386935710907,63.3,244.0,0.75,450,COOL
934.2826852798462,63.3,244.0,0.75,450,COOL
934.4096858501434,63.3,244.0,0.75,450,COOL
934.570689201355,63.1,244.0,0.75,450,COOL
934.6936640739441,63.1,244.0,0.75,450,COOL
934.8416924476624,63.1,244.0,0.75,450,COOL
934.9596629142761,63.0,244.0,0.75,450,COOL
935.1456620693207,63.0,244.0,0.75,450,COOL
935.2776939868927,62.8,244.0,0.75,450,COOL
935.4106953144073,62.8,244.0,0.75,450,COOL
935.5766634941101,62.8,244.0,0.75,450,COOL
935.7046902179718,62.7,244.0,0.75,450,COOL
935.8626925945282,62.7,244.0,0.75,450,COOL
936.0067007541656,62.7,244.0,0.75,450,COOL
936.1746590137482,62.6,244.0,0.75,450,COOL
936.3086605072021,62.6,244.0,0.75,450,COOL
936.4386970996857,62.6,244.0,0.75,450,COOL
936.5826852321625,62.4,244.0,0.75,450,COOL
936.7276616096497,62.4,244.0,0.75,450,COOL
936.8776919841766,62.3,244.0,0.75,450,COOL
937.0456943511963,62.3,244.0,0.75,450,COOL
937.1896660327911,62.3,244.0,0.75,450,COOL
937.3646919727325,62.3,244.0,0.75,450,COOL
937.4996929168701,62.3,244.0,0.75,450,COOL
937.6866931915283,62.1,244.0,0.75,450,COOL
937.8076930046082,62.1,244.0,0.75,450,COOL
937.9796943664551,62.1,244.0,0.75,450,COOL
938.116691827774,61.9,244.0,0.75,450,COOL
938.2616603374481,61.9,244.0,0.75,450,COOL
938.4056625366211,61.9,244.0,0.75,450,COOL
938.5486595630646,61.8,244.0,0.75,450,COOL
938.6926589012146,61.8,244.0,0.75,450,COOL
938.8216626644135,61.8,244.0,0.75,450,COOL
938.9796967506409,61.6,244.0,0.75,450,COOL
939.1067218780518,61.6,244.0,0.75,450,COOL
939.2356843948364,61.6,244.0,0.75,450,COOL
939.3966751098633,61.5,244.0,0.75,450,COOL
939.5466601848602,61.5,244.0,0.75,450,COOL
939.7306897640228,61.3,244.0,0.75,450,COOL
939.8736619949341,61.3,244.0,0.75,450,COOL
940.0176894664764,61.3,244.0,0.75,450,COOL
940.1626954078674,61.2,244.0,0.75,450,COOL
940.3066921234131,61.2,244.0,0.75,450,COOL
940.4496932029724,61.2,244.0,0.75,450,COOL
940.5686843395233,61.0,244.0,0.75,450,COOL
940.737690448761,61.0,244.0,0.75,450,COOL
940.8866896629333,60.9,244.0,0.75,450,COOL
941.0397005081177,60.9,244.0,0.75,450,COOL
941.1676571369171,60.9,244.0,0.75,450,COOL
941.2966945171356,60.8,244.0,0.75,450,COOL
941.4576594829559,60.8,244.0,0.75,450,COOL
941.588659286499,60.8,244.0,0.75,450,COOL
941.7276928424835,60.6,244.0,0.75,450,COOL
941.8516917228699,60.6,244.0,0.75,450,COOL
941.9956960678101,60.6,244.0,0.75,450,COOL
942.143691778183,60.6,244.0,0.75,450,COOL
942.2726964950562,60.6,244.0,0.75,450,COOL
942.4306910037994,60.6,244.0,0.75,450,COOL
942.5596609115601,60.5,244.0,0.75,450,COOL
942.7026898860931,60.5,244.0,0.75,450,COOL
942.8456745147705,60.5,244.0,0.75,450,COOL
942.9916641712189,60.3,244.0,0.75,450,COOL
943.126659154892,60.3,244.0,0.75,450,COOL
943.2976899147034,60.2,244.0,0.75,450,COOL
943.4366896152496,60.2,244.0,0.75,450,COOL
943.6146574020386,60.2,244.0,0.75,450,COOL
943.7516574859619,60.1,244.0,0.75,450,COOL
943.9496924877167,60.1,244.0,0.75,450,COOL
944.0976915359497,59.9,244.0,0.75,450,COOL
944.2526912689209,59.9,244.0,0.75,450,COOL
944.3946623802185,59.9,244.0,0.75,450,COOL
944.562667131424,59.8,244.0,0.75,450,COOL
